# callgrind format
version: 1
creator: callgrind-3.13.0
pid: 6174
cmd:  ./fib
part: 1


desc: I1 cache: 
desc: D1 cache: 
desc: LL cache: 

desc: Timerange: Basic block 0 - 886546
desc: Trigger: Program termination

positions: line
events: Ir
summary: 11548028


ob=(5) /mnt/hgfs/joycechin/Desktop/SP/Assignment/Assignment_2/fib
fl=(88) ???
fn=(582) 0x0000000000000870
0 5

fn=(408) atexit
0 3
cob=(3) /lib/x86_64-linux-gnu/libc-2.27.so
cfi=(90) /build/glibc-OTsEL5/glibc-2.27/stdlib/cxa_atexit.c
cfn=(330) __cxa_atexit
calls=1 65 
0 71
0 1

fn=(484) computeFib
0 3996
cob=(3)
cfi=(111) /build/glibc-OTsEL5/glibc-2.27/gmon/../sysdeps/x86_64/_mcount.S
cfn=(428) mcount
calls=999 29 
0 46959
0 7992
cob=(3)
cfi=(123) /build/glibc-OTsEL5/glibc-2.27/string/../sysdeps/x86_64/multiarch/strlen-avx2.S
cfn=(488) __strlen_avx2
calls=999 52 
0 39861
0 999
0 3996
cob=(3)
cfi=(123)
cfn=(488)
calls=999 52 
0 36420
0 999
0 9969732

fn=(414) 0x0000000000000920
0 11

fn=(426) main
0 4
cob=(3)
cfi=(111)
cfn=(428)
calls=1 29 
0 32
0 6
cob=(3)
cfi=(113) /build/glibc-OTsEL5/glibc-2.27/libio/iofopen.c
cfn=(434) fopen@@GLIBC_2.2.5
calls=1 88 
0 556
0 1
0 7
cob=(3)
cfi=(118) /build/glibc-OTsEL5/glibc-2.27/libio/iofwrite.c
cfn=(456) fwrite
calls=1 31 
0 599
0 1
0 6
cob=(3)
cfi=(118)
cfn=(456)
calls=1 31 
0 136
0 1
0 5001
cfn=(484)
calls=999 0 
0 10110954
0 7992
cob=(3)
cfi=(124) /build/glibc-OTsEL5/glibc-2.27/stdio-common/fprintf.c
cfn=(492) fprintf
calls=999 27 
0 975481
0 999
0 4995
cob=(3)
cfi=(128) /build/glibc-OTsEL5/glibc-2.27/string/../sysdeps/x86_64/multiarch/strcpy-ssse3.S
cfn=(506) __strcpy_ssse3
calls=999 32 
0 112524
0 999
0 4995
cob=(3)
cfi=(128)
cfn=(506)
calls=999 32 
0 112677
0 999
0 3002
cob=(3)
cfi=(132) /build/glibc-OTsEL5/glibc-2.27/libio/iofclose.c
cfn=(522) fclose@@GLIBC_2.2.5
calls=1 34 
0 576
0 1
0 6

fn=(568) 0x00000000000008e0
0 8
cob=(2) ???
cfi=(18) ???
cfn=(574) 0x00000000001087d0
calls=1 0 
0 75
0 1
cfn=(582)
calls=1 0 
0 5
0 3

fn=(326) _start
0 11
cob=(3)
cfi=(89) /build/glibc-OTsEL5/glibc-2.27/csu/../csu/libc-start.c
cfn=(328) (below main)
calls=1 137 
0 11413263

fn=(334) __libc_csu_init
0 15
cob=(2)
cfi=(18)
cfn=(336) 0x0000000000108718
calls=1 0 
0 67409
0 8
cfn=(414)
calls=1 0 
0 11
0 11

fn=(340) __gmon_start__
0 8
cob=(3)
cfi=(91) /build/glibc-OTsEL5/glibc-2.27/gmon/gmon.c
cfn=(344) monstartup
calls=1 123 
0 67315
0 1
0 3
cfn=(408)
calls=1 0 
0 75

ob=(1) /lib/x86_64-linux-gnu/ld-2.27.so
fl=(17) /build/glibc-OTsEL5/glibc-2.27/elf/dl-object.c
fn=(38) _dl_new_object
59 36
+1 3
-1 3
+1 6
cfi=(13) /build/glibc-OTsEL5/glibc-2.27/string/../sysdeps/x86_64/multiarch/../strlen.S
cfn=(28) strlen
calls=3 +19 
* 66
+6 3
-6 6
+6 3
+7 3
-7 3
-6 3
+6 9
+2 6
+5 9
cfi=(19) /build/glibc-OTsEL5/glibc-2.27/elf/dl-minimal.c
cfn=(42) calloc
calls=3 +19 
* 147
* 3
+3 3
-3 3
+3 3
+4 3
+5 3
-6 3
+6 3
-5 3
+5 3
-5 3
+4 3
+1 6
-1 3
+1 3
cfi=(20) /build/glibc-OTsEL5/glibc-2.27/string/../sysdeps/x86_64/multiarch/memmove-vec-unaligned-erms.S
cfn=(48) memcpy
calls=3 +44 
* 41
+10 3
-10 3
+10 3
-10 3
+10 3
-8 3
+8 6
+1 3
-1 3
+1 9
+3 3
-3 3
+3 3
+9 3
-7 3
+4 3
+3 8
+2 2
-2 2
+2 30
-2 30
+18 6
-6 3
+1 3
+5 3
-6 3
+6 9
+2 2
+3 2
-3 4
+3 2
+4 6
+4 5
+8 1
+3 1
+3 2
-3 1
+3 1
-3 2
+3 4
-3 2
+3 2
+2 2
+21 2
-21 2
cfi=(13)
cfn=(28)
calls=2 -76 
* 68
+4 2
-4 4
+17 2
-13 6
+64 2
+4 27
100 8
+39 6
+70 6
cfi=(20)
cfn=(74) mempcpy
calls=2 -93 
* 32
* 42
+6 40
-1 40
+1 42
-1 2
+1 6
+5 4
-96 1
+7 4
+32 4
cfi=(19)
cfn=(46) malloc
calls=2 50 
* 36
* 2
+1 2
-1 4
+1 2

fn=(50) _dl_add_to_namespace_list
31 6
+2 3
-2 9
+2 6
cfi=(2) /build/glibc-OTsEL5/glibc-2.27/elf/rtld.c
cfn=(52) rtld_lock_default_lock_recursive
calls=3 784 
* 6
+2 22
+3 15
+2 2
+2 2
+4 2
+4 2
-4 4
+1 2
+4 4
-4 2
+1 2
+3 2
-3 2
+2 2
cfi=(2)
cfn=(54) rtld_lock_default_unlock_recursive
calls=2 790 
* 4
-4 1
+4 1
-4 2
+1 1
+4 2
-4 1
+1 1
+3 1
-3 1
+2 1
cfi=(2)
cfn=(54)
calls=1 790 
* 2
-5 2

fl=(93) /build/glibc-OTsEL5/glibc-2.27/elf/../elf/dl-runtime.c
fn=(354) _dl_fixup
66 6
+6 6
-6 3
+3 6
+3 9
-4 3
+5 3
+2 3
-2 15
+2 3
-2 3
+2 3
+5 6
+4 6
+4 3
+7 3
-7 6
+4 6
+1 12
+2 12
+7 6
-1 3
+1 3
+10 27
cfi=(6) /build/glibc-OTsEL5/glibc-2.27/elf/dl-lookup.c
cfn=(188) _dl_lookup_symbol_x
calls=3 790 
* 2314
* 3
+4 15
+10 21
+16 3
-8 3
+8 9
+4 9
fi=(5) /build/glibc-OTsEL5/glibc-2.27/elf/../sysdeps/x86_64/dl-machine.h
+96 3
fe=(93)
-92 9

fl=(31) /build/glibc-OTsEL5/glibc-2.27/elf/dl-debug.c
fn=(92) _dl_debug_initialize
49 8
+5 6
+5 2
-1 1
+1 2
+1 2
-1 1
+5 1
-14 4
+4 8
+4 1
-1 1
+1 4

fn=(96) _dl_debug_state
74 2

fl=(98) /build/glibc-OTsEL5/glibc-2.27/elf/dl-open.c
fn=(370) _dl_find_dso_for_object
176 5
+4 6
+1 4
+1 12
+1 2
-2 6
+5 2
+4 7

fl=(1) ???
fn=(0) 0x0000000000001090
0 2
cfi=(2)
cfn=(2) _dl_start
calls=1 444 
0 132556
0 14
cfi=(78) /build/glibc-OTsEL5/glibc-2.27/elf/dl-init.c
cfn=(290) _dl_init
calls=1 79 
0 2179
0 3
cob=(5)
cfi=(88)
cfn=(326)
calls=1 0 
0 11413274

fl=(33) /build/glibc-OTsEL5/glibc-2.27/string/../sysdeps/x86_64/strcspn.S
fn=(100) strcspn
30 1
+7 1
+1 1
+2 1
+1 1
+1 1
+1 1
+1 33
+3 2
+7 1
+1 1
+1 1
+1 1
+2 1
+1 1
+1 1
+1 1
+2 1
+1 1
+1 1
+9 3
+12 1
+2 1
+1 1
+1 1
-4 11
+2 11
+1 11
+1 11
+2 12
+1 12
+1 12
+2 12
+1 12
+1 12
+2 12
+1 12
+1 12
+2 1
+1 1
+1 1
+2 1
+7 1
+4 1

fl=(54) /build/glibc-OTsEL5/glibc-2.27/elf/dl-reloc.c
fn=(180) _dl_relocate_object
148 40
+15 4
-15 8
+15 4
+1 20
+6 12
+6 16
+1 8
-19 6
+22 6
+7 4
-32 4
+32 4
+44 4
fi=(5)
76 4
fe=(54)
231 8
fi=(5)
76 12
fe=(54)
258 146
-99 2
fi=(5)
481 6
fe=(54)
159 4
+99 2
fi=(4) /build/glibc-OTsEL5/glibc-2.27/elf/do-rel.h
48 2
fe=(54)
258 2
fi=(4)
47 2
+11 2
-11 2
+11 2
-11 2
+11 2
fe=(54)
258 2
-99 2
fi=(5)
481 6
fe=(54)
159 4
+99 2
fi=(4)
48 2
fe=(54)
258 2
fi=(4)
47 2
+11 2
-11 2
+11 2
-11 2
+11 2
fe=(54)
258 4
fi=(4)
48 4
fe=(54)
258 4
fi=(4)
47 4
+11 4
-11 4
+11 4
-11 4
+11 4
+26 6
+14 12
-15 12
+3 24
+12 6
+10 8
+10 18
+6 5
-3 10
+3 5
fi=(5)
491 3
fi=(4)
51 3
fi=(5)
491 3
fi=(4)
50 6
+77 452
+12 226
-3 339
fi=(5)
276 113
fi=(4)
139 113
-2 113
-1 113
+1 113
+1 113
-1 226
fi=(5)
276 113
+21 226
+4 226
+7 452
fi=(55) /build/glibc-OTsEL5/glibc-2.27/elf/../sysdeps/generic/ldsodefs.h
102 288
fi=(5)
308 1789
fi=(4)
138 93
fi=(5)
308 186
fi=(4)
138 93
fi=(5)
308 93
fi=(4)
138 93
fi=(5)
308 1302
cfi=(6)
cfn=(188)
calls=93 790 
* 55155
* 558
+2 288
+25 678
fi=(4)
74 4
+1 7
+1 78
fi=(5)
551 39
+24 78
+2 39
cob=(3)
cfi=(77) /build/glibc-OTsEL5/glibc-2.27/time/../sysdeps/unix/sysv/linux/x86/gettimeofday.c
cfn=(274) gettimeofday
calls=1 42 
* 77
cob=(3)
cfi=(58) /build/glibc-OTsEL5/glibc-2.27/string/../sysdeps/x86_64/multiarch/ifunc-strcasecmp.h
cfn=(270) strncasecmp_l
calls=1 32 
* 6
cob=(3)
cfi=(60) /build/glibc-OTsEL5/glibc-2.27/string/../sysdeps/x86_64/multiarch/ifunc-avx2.h
cfn=(268) strchrnul
calls=1 32 
* 8
cob=(3)
cfi=(57) /build/glibc-OTsEL5/glibc-2.27/string/../sysdeps/x86_64/multiarch/ifunc-unaligned-ssse3.h
cfn=(266) stpcpy
calls=1 33 
* 9
cob=(3)
cfi=(57)
cfn=(264) stpncpy
calls=1 33 
* 9
cob=(3)
cfi=(70) /build/glibc-OTsEL5/glibc-2.27/string/../sysdeps/x86_64/multiarch/ifunc-sse4_2.h
cfn=(262) strspn
calls=1 30 
* 6
cob=(3)
cfi=(64) /build/glibc-OTsEL5/glibc-2.27/wcsmbs/../sysdeps/x86_64/multiarch/ifunc-avx2.h
cfn=(260) wcslen
calls=1 32 
* 8
cob=(3)
cfi=(60)
cfn=(258) memchr
calls=1 32 
* 8
cob=(3)
cfi=(58)
cfn=(254) strcasecmp_l
calls=1 32 
* 6
cob=(3)
cfi=(60)
cfn=(252) memrchr
calls=1 32 
* 8
cob=(3)
cfi=(60)
cfn=(250) strlen
calls=1 32 
* 8
cob=(3)
cfi=(74) /build/glibc-OTsEL5/glibc-2.27/string/../sysdeps/x86_64/multiarch/strchr.c
cfn=(248) index
calls=1 40 
* 8
cob=(3)
cfi=(70)
cfn=(246) strpbrk
calls=1 30 
* 6
cob=(3)
cfi=(73) /build/glibc-OTsEL5/glibc-2.27/wcsmbs/../sysdeps/x86_64/multiarch/ifunc-wmemset.h
cfn=(244) wmemset
calls=2 32 
* 26
cob=(3)
cfi=(72) /build/glibc-OTsEL5/glibc-2.27/wcsmbs/../sysdeps/x86_64/multiarch/wcsnlen.c
cfn=(242) wcsnlen
calls=1 40 
* 7
cob=(3)
cfi=(56) /build/glibc-OTsEL5/glibc-2.27/string/../sysdeps/x86_64/multiarch/ifunc-memmove.h
cfn=(240) memcpy@@GLIBC_2.14
calls=1 44 
* 16
cob=(3)
cfi=(57)
cfn=(238) strcpy
calls=1 33 
* 9
cob=(3)
cfi=(58)
cfn=(234) strncasecmp
calls=1 32 
* 6
cob=(3)
cfi=(70)
cfn=(232) strcspn
calls=1 30 
* 6
cob=(3)
cfi=(60)
cfn=(230) strnlen
calls=2 32 
* 16
cob=(3)
cfi=(64)
cfn=(228) wcschr
calls=2 32 
* 16
cob=(3)
cfi=(69) /build/glibc-OTsEL5/glibc-2.27/string/../sysdeps/x86_64/multiarch/ifunc-memset.h
cfn=(226) memset
calls=1 42 
* 18
cob=(3)
cfi=(68) /build/glibc-OTsEL5/glibc-2.27/string/../sysdeps/x86_64/multiarch/strcmp.c
cfn=(224) strcmp
calls=1 38 
* 9
cob=(3)
cfi=(67) /build/glibc-OTsEL5/glibc-2.27/string/../sysdeps/x86_64/multiarch/strncmp.c
cfn=(222) strncmp
calls=1 38 
* 8
cob=(3)
cfi=(65) /build/glibc-OTsEL5/glibc-2.27/string/../sysdeps/x86_64/multiarch/ifunc-memcmp.h
cfn=(218) bcmp
calls=1 33 
* 13
cob=(3)
cfi=(56)
cfn=(216) mempcpy
calls=1 44 
* 16
cob=(3)
cfi=(64)
cfn=(214) wmemchr
calls=2 32 
* 16
cob=(3)
cfi=(60)
cfn=(212) rawmemchr
calls=1 32 
* 8
cob=(3)
cfi=(61) /build/glibc-OTsEL5/glibc-2.27/time/../sysdeps/unix/sysv/linux/x86/time.c
cfn=(206) time
calls=1 43 
* 77
cob=(3)
cfi=(60)
cfn=(204) rindex
calls=1 32 
* 8
cob=(3)
cfi=(57)
cfn=(202) strcat
calls=1 33 
* 9
cob=(3)
cfi=(58)
cfn=(198) strcasecmp
calls=1 32 
* 6
cob=(3)
cfi=(57)
cfn=(196) strncpy
calls=1 33 
* 9
cob=(3)
cfi=(56)
cfn=(194) memmove
calls=2 44 
* 32
-26 39
+27 39
fi=(4)
75 121
fe=(54)
258 2
fi=(4)
75 14
fe=(54)
258 14
+3 16
+24 4
+3 8
+17 12
+8 20
+3 4
-3 4
+3 4
+4 8
+1 12
cfi=(44) /build/glibc-OTsEL5/glibc-2.27/misc/../sysdeps/unix/syscall-template.S
cfn=(136) mprotect
calls=4 78 
* 20
* 8
-14 32
fi=(5)
131 6
458 384
fi=(4)
124 339
+19 15
fi=(5)
430 51
+4 68
+5 17
+9 17
-9 34
+9 34
308 34
+5 17
-3 34
+3 144
-3 186
+3 279
+3 10
+3 4
+1 6
+1 4
+4 2
+7 2
cob=(3)
cfi=(60)
cfn=(250)
calls=1 32 
* 8
cob=(3)
cfi=(57)
cfn=(238)
calls=1 33 
* 9
* 6
-24 48
fi=(4)
61 4
-10 2
-1 4
fi=(5)
551 16
+4 16
+2 24
+1 8
fi=(4)
61 141
+2 188
+2 119
+46 9
fi=(5)
541 1243
fi=(4)
111 1243
fi=(5)
541 1243
fi=(4)
111 1243
fi=(5)
541 1243
fi=(4)
111 1243
fi=(5)
535 1243
fi=(4)
112 2486
fi=(5)
535 2486
+5 2486
fi=(4)
50 1
160 1
51 1
160 4
+2 20
+9 10
-1 5
+1 5
-1 10
fi=(5)
276 5
fi=(4)
170 15
fi=(5)
276 5
+21 10
+4 10
+7 20
fi=(55)
102 15
fi=(5)
308 170
cfi=(6)
cfn=(188)
calls=5 790 
* 2413
* 35
+2 15
+25 30
fe=(54)
-77 10
fi=(5)
82 4
+4 6
+14 2
-8 2
+8 4
+20 4
+4 8
-2 4
458 20
fi=(4)
160 17
+14 2
fi=(5)
313 1
-3 2
+3 3
-5 87
fe=(54)
180 3
fi=(5)
308 6
fe=(54)

fl=(37) /build/glibc-OTsEL5/glibc-2.27/io/../sysdeps/unix/sysv/linux/wordsize-64/lxstat.c
fn=(120) open
39 11
fi=(38) /build/glibc-OTsEL5/glibc-2.27/io/../sysdeps/unix/sysv/linux/open64.c
-3 11
+3 66
+8 77
+2 3
-2 24
+2 8
fe=(37)

fl=(6)
fn=(10) _dl_setup_hash
939 12
+4 4
+4 8
+2 4
-1 4
+3 12
+1 4
+1 4
+3 4
-3 4
+7 4
-4 4
-1 4
+3 4
+2 4
-7 4
+7 4
+1 4

fn=(190) do_lookup_x
338 707
+1 101
-1 606
+6 202
+12 101
+30 101
-41 101
+41 101
+35 202
-65 505
+14 951
+8 634
+1 951
+3 317
+1 634
+4 634
+3 634
-5 317
+5 951
+3 2219
-99 223
540 1604
+1 132
cfi=(36) /build/glibc-OTsEL5/glibc-2.27/elf/dl-misc.c
cfn=(116) _dl_name_match_p
calls=44 282 
* 4652
* 176
+3 669
349 634
+3 634
+4 634
+4 634
+4 634
fi=(55)
102 282
fe=(6)
503 188
+3 704
-60 10
+64 36
+12 564
+2 94
+24 808
-1 14
397 297
-1 198
+2 198
+2 99
90 297
375 99
90 99
374 99
90 99
400 198
90 198
413 315
-10 995
+2 376
+2 188
-1 282
78 658
+12 470
+3 328
cfi=(21) /build/glibc-OTsEL5/glibc-2.27/string/../sysdeps/x86_64/strcmp.S
cfn=(56) strcmp
calls=28 +51 
* 1373
* 84
+5 94
-1 94
+1 94
+2 186
+19 93
+1 837
452 940
148 2
+2 5
+30 35
-59 465
cfi=(21)
cfn=(56)
calls=93 +23 
* 4495
* 465

fn=(188)
790 1010
555 101
790 404
555 303
-1 202
+2 101
-1 101
+1 303
-1 303
+1 1281
-1 1281
+1 3843
-1 3944
793 101
-1 101
+4 101
+4 101
-8 101
+1 101
+7 388
+5 303
+6 303
-7 1111
+15 28
-8 42
+2 1313
cfn=(190)
calls=101 338 
* 39050
+3 491
+25 202
+24 658
+31 94
+9 376
+14 282
+3 376
+5 94
+2 923
-86 42
+17 7
+1 14
+59 2

fl=(28) /build/glibc-OTsEL5/glibc-2.27/string/../sysdeps/x86_64/multiarch/memset-vec-unaligned-erms.S
fn=(76) memset
109 65
+2 13
+1 13
+1 6
+1 6
+2 4
+1 4
+2 4
+55 2
+1 2
+10 2
+1 2
+1 2
+1 2
+1 2
+1 2
+1 2
+1 2
+1 2
+1 2
+1 2
+1 2
+1 2
+1 2
+2 31
+1 31
+1 31
+1 31
+1 31
+1 31
+1 31
+1 2
+15 7
+1 7
+1 7
+1 6
+1 6
+1 2
+1 2
+24 1
+1 1
+2 1
+3 4
+1 4
+2 4
+3 2
+1 2
+2 2

fl=(39) /build/glibc-OTsEL5/glibc-2.27/io/../sysdeps/unix/sysv/linux/read.c
fn=(124) read
27 8
+1 2

fl=(42) /build/glibc-OTsEL5/glibc-2.27/misc/../sysdeps/unix/sysv/linux/mmap64.c
fn=(132) mmap
44 14
+3 7
-6 84
+6 7
+5 70
+2 49
-7 12

fl=(92) /build/glibc-OTsEL5/glibc-2.27/elf/../sysdeps/x86_64/dl-trampoline.h
fn=(352) _dl_runtime_resolve_xsave
71 1
+3 1
+2 1
+10 1
+6 1
+1 1
+1 1
+1 1
+1 1
+1 1
+1 1
+4 1
+1 1
+3 1
+1 1
+2 1
+1 1
+1 1
+1 1
+1 1
+1 1
+2 1
+7 1
+1 1
+1 1
cfi=(93)
cfn=(354)
calls=1 -59 
* 544
+1 1
+5 1
+1 1
+1 1
+2 1
+1 1
+1 1
+1 1
+1 1
+1 1
+1 1
+2 1
+2 1
+4 1
+3 1

fn=(353) _dl_runtime_resolve_xsave'2
71 2
+3 2
+2 2
+10 2
+6 2
+1 2
+1 2
+1 2
+1 2
+1 2
+1 2
+4 2
+1 2
+3 2
+1 2
+2 2
+1 2
+1 2
+1 2
+1 2
+1 2
+2 2
+7 2
+1 2
+1 2
cfi=(93)
cfn=(354)
calls=2 -59 
* 2001
+1 2
+5 2
+1 2
+1 2
+2 2
+1 2
+1 2
+1 2
+1 2
+1 2
+1 2
+2 2
+2 2
+4 2
+3 2

fl=(35) /build/glibc-OTsEL5/glibc-2.27/setjmp/../sysdeps/x86_64/setjmp.S
fn=(110) __sigsetjmp
26 3
+9 3
+1 6
+1 3
+4 3
+1 3
+1 3
+1 3
+1 3
+2 6
+2 3
+1 3
+1 3
+2 6
+2 3
+4 3
+1 3

fl=(9) /build/glibc-OTsEL5/glibc-2.27/elf/dl-tunables.c
fn=(16) __GI___tunables_init
289 8
-9 3
150 4
-82 215
+6 70
-3 70
+3 6062
+4 140
+5 70
297 70
83 70
297 70
fi=(10) /build/glibc-OTsEL5/glibc-2.27/elf/dl-tunables.h
121 140
-1 60
+1 24
-1 8
+1 32
-1 40
fe=(9)
330 280
-12 7700
fi=(10)
120 2520
+1 2616
-1 120
fe=(9)
312 6230
68 140
364 8

fn=(26) __tunable_get_val
373 102
+4 17
-4 66
+9 3
+1 3
-6 14
+22 85
+2 17

fl=(2)
fn=(112) map_doit
588 1
+2 1
-2 1
+3 2
-1 3
+1 3
cfi=(24) /build/glibc-OTsEL5/glibc-2.27/elf/dl-load.c
cfn=(114) _dl_map_object
calls=1 2080 
* 2113
* 1
+2 2

fn=(54)
790 6
+1 6

fn=(32) dl_main
870 1
+17 1
-17 10
+17 1
+4 1
-21 1
2471 1
891 1
+1 1
2466 1
892 1
+5 1
2471 1
897 1
2464 2
+7 3
-4 1
+4 3
+2 2
cfi=(15) /build/glibc-OTsEL5/glibc-2.27/elf/dl-environ.c
cfn=(34) _dl_next_ld_env_entry
calls=1 29 
* 84
* 4
cfi=(15)
cfn=(34)
calls=2 29 
* 386
* 9
+4 6
-2 2
+2 42
+1 19
-1 57
+3 4
+6 14
+76 3
+1 4
cfi=(16) /build/glibc-OTsEL5/glibc-2.27/string/../sysdeps/x86_64/memcmp.S
cfn=(36) bcmp
calls=1 24 
* 31
* 2
-56 2
+7 4
cfi=(16)
cfn=(36)
calls=1 24 
* 36
* 2
+2 3
2635 3
+32 3
907 3
1108 7
cfi=(17)
cfn=(38)
calls=1 59 
* 230
+2 1
-2 1
+2 1
+1 1
+1 1
+5 2
-5 1
+1 2
+4 1
cfi=(17)
cfn=(50)
calls=1 31 
* 33
+1 2
879 1
1147 1
-3 1
-5 1
+1 1
+2 1
+5 5
+56 2
876 1
1166 1
+22 1
+15 2
-55 24
-1 27
+1 47
1250 3
+3 2
+2 2
+2 3
+13 3
+3 2
-2 1
+2 1
-2 3
cfi=(21)
cfn=(56)
calls=1 144 
* 50
* 2
+7 1
+3 1
-5 1
+3 1
-3 1
+5 1
+1 2
+4 2
+2 2
fi=(3) /build/glibc-OTsEL5/glibc-2.27/elf/get-dynamic-info.h
33 1
+9 2
+6 1
-2 1
+2 2
+15 1
+5 1
+3 1
+2 1
-3 1
-3 1
-3 1
-14 52
+13 24
+1 20
+10 5
-26 15
+16 20
+10 20
-26 60
+26 1
-26 3
+33 3
+20 3
+1 4
+1 4
+1 4
+2 4
+5 4
+1 4
+1 4
+6 3
+5 2
+7 2
+1 3
+18 3
+5 1
+2 1
-2 1
+2 1
+2 2
+2 2
+1 1
+2 3
+10 1
-8 3
+8 1
+5 2
+1 2
+2 2
fe=(2)
1293 2
cfi=(6)
cfn=(10)
calls=1 939 
* 23
+3 2
fi=(22) /build/glibc-OTsEL5/glibc-2.27/elf/setup-vdso.h
24 2
fe=(2)
1318 1
cfi=(11) /build/glibc-OTsEL5/glibc-2.27/elf/../sysdeps/unix/sysv/linux/dl-sysdep.c
cfn=(62) _dl_discover_osversion
calls=1 45 
* 87
* 9
-6 5
1167 2
+9 1
-7 1
-3 1
+10 1
+18 2
-37 3
+1 1
-6 3
+1 1
fi=(3)
65 4
+3 4
fe=(2)
1203 2
-1 2
+1 4
-1 2
+2 4
+1 1
+3 2
+1 2
-1 2
+1 2
+1 2
+1 6
+1 2
+31 2
+1 2
+1 1
-6 2
+1 1
fi=(3)
71 4
+1 1
+1 3
fe=(2)
1323 2
cfi=(24)
cfn=(66) _dl_init_paths
calls=1 623 
* 1740
+3 3
cfi=(31)
cfn=(92)
calls=1 49 
* 17
+7 1
-7 1
+2 1
+5 1
+3 3
+1 1
+3 1
-3 3
+1 2
+3 1
+5 1
-7 1
+7 1
+1 5
+17 2
+1 2
+5 1
-3 3
+2 1
+1 2
+5 2
+1 5
-1 2
+3 2
+1 2
+5 2
+6 4
+1 1
-2 1
885 1
1391 1
1570 1
cfi=(32) /build/glibc-OTsEL5/glibc-2.27/elf/../elf/dl-tls.c
cfn=(94) _dl_count_modids
calls=1 113 
* 4
* 1
+8 3
+3 2
+4 3
+5 2
+1 1
cfi=(31)
cfn=(96)
calls=1 74 
* 1
+1 1
+4 2
+15 3
+4 1
-2 1
+2 2
+2 3
+1 1
-1 2
+1 1
cfn=(98) handle_ld_preload
calls=1 837 
* 2506
* 1
+1 4
+2 2
+10 3
cfi=(47) /build/glibc-OTsEL5/glibc-2.27/io/../sysdeps/unix/sysv/linux/access.c
cfn=(144) access
calls=1 27 
* 8
* 2
+77 1
-96 1
+96 3
+17 3
+1 1
-1 1
+1 2
-1 1
+1 5
cfi=(48) /build/glibc-OTsEL5/glibc-2.27/elf/dl-deps.c
cfn=(146) _dl_map_object_deps
calls=1 159 
* 7291
+1 4
+5 1
-3 2
+3 2
+1 7
-1 2
+1 9
-1 6
+4 3
+1 3
+1 1
+2 2
+1 5
-1 4
+1 6
-1 6
+47 2
+2 2
-1 1
-1 2
+2 4
cfi=(34) /build/glibc-OTsEL5/glibc-2.27/elf/dl-error-skeleton.c
cfn=(166) _dl_receive_error
calls=1 226 
* 2796
+10 1
+1 1
-1 1
+1 1
+1 1
cfn=(174) init_tls
calls=1 687 
* 542
* 1
+2 2
799 1
fi=(143) /build/glibc-OTsEL5/glibc-2.27/elf/../sysdeps/unix/sysv/linux/dl-osinfo.h
64 2
fe=(2)
801 1
fi=(143)
77 1
fe=(2)
810 1
+7 1
-5 1
1808 2
2038 3
2161 3
+7 1
+2 3
+1 1
-1 2
+2 10
+2 4
-2 8
+2 4
+5 8
+2 8
+6 4
+2 8
+1 24
cfi=(54)
cfn=(180)
calls=3 148 
* 80449
+4 10
+1 2
cfi=(32)
cfn=(278) _dl_add_to_slotinfo
calls=1 887 
* 20
* 1
-12 1
+1 1
-3 2
+29 4
+2 1
+7 3
cfi=(32)
cfn=(280) _dl_allocate_tls_init
calls=1 437 
* 149
+3 2
-25 4
+2 2
+6 1
-6 1
+6 1
+26 3
+2 4
+15 1
+2 1
-2 2
+3 1
-3 1
+3 1
-3 1
+3 3
cfi=(54)
cfn=(180)
calls=1 148 
* 6191
+1 4
+2 2
+8 1
cfi=(7) /build/glibc-OTsEL5/glibc-2.27/elf/../elf/dl-sysdep.c
cfn=(282) _dl_sysdep_start_cleanup
calls=1 260 
* 1
+4 2
+20 3
cfi=(31)
cfn=(92)
calls=1 49 
* 8
+1 1
-1 1
+2 1
cfi=(31)
cfn=(96)
calls=1 74 
* 1
+1 1
+4 1
cfi=(50) /build/glibc-OTsEL5/glibc-2.27/elf/dl-cache.c
cfn=(284) _dl_unload_cache
calls=1 326 
* 15
+5 8
2094 1
+13 1
-9 1
-4 1
+10 1
-6 1
+6 1
+3 1
1753 1
+1 1
-1 2
+1 1
+2 1
+2 3
+2 1
-4 1
+4 2
+14 4
+1 2
+1 3
-64 5
+1 1
-1 3
+4 3
+1 1
+1 2
+1 2
+32 2
2565 3

fn=(52)
784 6
+1 6

fn=(174)
687 1
-6 1
+2 2
+4 1
+10 4
cfi=(19)
cfn=(42)
calls=1 92 
* 27
* 1
+11 1
-15 1
+3 1
+6 1
+2 1
-11 1
+15 1
+2 1
-1 1
+1 15
+2 8
+4 1
+2 1
-2 1
-5 8
+9 2
+3 1
cfi=(32)
cfn=(176) _dl_determine_tlsoffset
calls=1 141 
* 66
+7 1
cfi=(32)
cfn=(178) _dl_allocate_tls_storage
calls=1 332 
* 375
+1 1
-1 1
+1 1
+6 1
+3 1
-3 1
+3 6
+3 1
+2 1
+1 3

fn=(98)
837 8
+1 1
-1 1
-75 1
+86 1
-86 4
+80 2
+3 3
cfi=(33)
cfn=(100)
calls=1 30 
* 218
* 1
+1 3
+9 1
121 1
857 2
121 2
859 2
-97 5
-10 1
+4 1
+1 1
+1 1
+2 1
+2 1
cfi=(34)
cfn=(104) _dl_catch_error
calls=1 213 
* 2201
* 1
+1 3
+8 4
+71 2
+21 9
-15 4
cfi=(20)
cfn=(48)
calls=1 129 
* 18
+1 2

fn=(2)
444 9
+19 4
fi=(3)
48 1
fe=(2)
463 1
fi=(5)
59 3
fi=(3)
-11 1
fe=(2)
489 1
-3 1
fi=(3)
48 1
+25 2
-3 1
-7 1
+5 1
+3 1
+2 1
-6 1
+3 1
-3 2
-3 16
+10 4
-26 12
+16 13
+10 13
-26 39
+26 1
-26 3
+2 36
+13 20
+2 4
+16 2
+20 4
+1 4
+1 4
+1 4
+2 4
+5 4
+1 4
+1 4
+6 3
+5 2
+7 3
+1 3
+8 3
+3 3
+4 2
+1 2
fe=(2)
500 2
393 1
507 1
393 1
cfi=(6)
cfn=(10)
calls=1 939 
* 23
+1 2
+1 2
+1 2
+1 2
+8 1
+9 1
-9 3
+9 1
-6 1
-3 1
+9 1
cfi=(7)
cfn=(12) _dl_sysdep_start
calls=1 88 
* 131524
* 1
+9 4
+3 1
+4 1
-4 1
+4 1
532 9
-27 27
fi=(4)
84 1
+27 1
-28 1
+28 2
+1 2
fi=(5)
540 2
fi=(4)
112 76
fi=(5)
540 76
+1 39
fi=(4)
111 39
fi=(5)
541 39
fi=(4)
111 39
fi=(5)
541 39
fi=(4)
111 39
+5 2
+8 1
fi=(5)
335 1
+87 1
fi=(4)
124 2
+12 1
+3 1
-3 1
+3 1
-3 1
fi=(5)
301 1
fi=(4)
137 1
fi=(5)
301 1
fi=(4)
137 1
fi=(5)
301 1
fi=(4)
136 8
+3 8
-3 8
+3 8
-3 8
fi=(5)
301 8
fi=(4)
137 8
fi=(5)
301 8
fi=(4)
137 8
fi=(5)
301 8
+9 27
+3 9
-3 18
+3 27
+22 54
fi=(3)
68 4
fi=(4)
+56 28
fi=(5)
354 27
fi=(3)
71 4
+1 1
+1 2
fe=(2)

fn=(168) version_check_doit
621 2
+2 4
cfi=(53) /build/glibc-OTsEL5/glibc-2.27/elf/dl-version.c
cfn=(170) _dl_check_all_versions
calls=1 362 
* 2771
* 2
+4 2

fl=(52) /build/glibc-OTsEL5/glibc-2.27/elf/dl-sort-maps.c
fn=(164) _dl_sort_maps
28 16
+2 2
-2 2
+2 2
+92 10
-88 10
+1 4
-1 2
-1 2
+1 8
+1 2
cfi=(28)
cfn=(76)
calls=2 +74 
* 30
* 32
+4 4
+3 2
-3 4
+1 6
+2 2
-7 4
+4 8
+3 4
-3 8
+1 12
+2 4
+12 36
+2 12
+1 8
-1 6
+1 6
+2 18
+1 12
+58 24
cfi=(28)
cfn=(76)
calls=4 -9 
* 64
* 16
-28 24
-36 12
+61 28
-25 9
-44 12
+69 2
+7 16

fl=(7)
fn=(12)
88 8
+25 1
-1 1
+1 220
+6 1
-3 1
+1 1
-4 1
+3 1
+3 4
+1 2
-1 12
-29 1
-1 10
+30 2
+1 108
+3 1
-4 74
+62 1
-62 1
+63 1
-1 1
-62 3
+34 1
-34 2
+35 1
-35 2
+46 1
-46 1
+47 1
-1 1
-46 3
+40 1
-40 1
+41 1
-1 1
-40 3
+37 1
-37 2
+38 1
-38 3
+13 1
-13 2
+14 1
-14 2
+10 1
-10 2
+11 1
-11 2
+7 1
-7 4
224 1
cfi=(9)
cfn=(16)
calls=1 +65 
* 26770
fi=(11)
35 2
cfi=(12) /build/glibc-OTsEL5/glibc-2.27/elf/../sysdeps/unix/sysv/linux/x86_64/brk.c
cfn=(22) brk
calls=1 -4 
* 11
fi=(8) /build/glibc-OTsEL5/glibc-2.27/elf/../sysdeps/x86/cpu-features.c
196 1
-12 1
+1 1
+11 1
+3 1
-3 1
+3 5
366 3
+1 1
+3 2
+1 1
+6 1
+5 2
-3 1
+3 1
-4 1
+4 1
cfi=(9)
cfn=(26)
calls=1 -9 
* 16
+2 4
cfi=(9)
cfn=(26)
calls=1 -11 
* 18
* 1
+2 3
-2 1
+2 1
cfi=(9)
cfn=(26)
calls=1 -13 
* 18
* 1
+2 3
-2 1
+2 1
cfi=(9)
cfn=(26)
calls=1 -15 
* 18
+12 1
-12 1
+11 1
-11 1
+12 1
fe=(7)
236 1
cfi=(13)
cfn=(28)
calls=1 79 
* 16
* 1
+2 2
cfi=(14) /build/glibc-OTsEL5/glibc-2.27/elf/../misc/sbrk.c
cfn=(30) sbrk
calls=1 32 
* 17
* 3
+12 3
+3 5
cfi=(2)
cfn=(32)
calls=1 870 
* 103923
+1 1
+1 8
fi=(8)
404 3
+28 2
-9 3
+2 4
+3 4
+1 2
205 6
cfn=(24) get_common_indeces.constprop.1
calls=1 34 
* 87
+3 3
+97 4
+7 4
203 1
312 4
210 5
+1 7
+85 3
-79 2
fe=(7)

fn=(282)
260 1

fl=(23) /build/glibc-OTsEL5/glibc-2.27/posix/../sysdeps/unix/syscall-template.S
fn=(64) uname
78 4
+1 1

fl=(34)
fn=(104)
213 6
+2 2
-2 1
+2 2
cfn=(108) _dl_catch_exception
calls=1 -40 
* 2178
* 1
+1 2
+1 1
+1 1
-1 1
+1 1
+2 5

fn=(108)
175 6
+15 3
-3 6
+4 3
-3 3
-13 3
+19 3
-3 3
+3 3
-19 3
+13 3
+2 3
+4 3
cfi=(35)
cfn=(110)
calls=3 26 
* 60
* 9
+2 9
cfi=(48)
cfn=(148) openaux
calls=2 60 
* 5826
cfi=(2)
cfn=(112)
calls=1 588 
* 2127
+2 3
-1 3
+1 6
-1 3
+1 3
+9 12

fn=(166)
226 3
+1 1
+1 1
+3 1
+1 1
+2 2
cfi=(2)
cfn=(168)
calls=1 621 
* 2781
+2 1
+1 1
+1 4

fl=(13)
fn=(28)
79 14
+1 14
+1 14
+1 14
+1 14
+1 14
+1 14
+2 14
+2 14
+31 14
+1 14
+1 14
+1 14
+1 14
+1 8
+2 8
+4 6
+1 6
+1 6
+1 6
+1 6
+1 6
+1 6
+1 6
+1 6
+1 6
+1 6
+1 6
+5 48

fl=(14)
fn=(30)
32 4
+8 6
+4 2
+16 5

fl=(41) /build/glibc-OTsEL5/glibc-2.27/io/../sysdeps/unix/sysv/linux/wordsize-64/fxstat.c
fn=(130) _fxstat
34 3
-1 3
+1 3
+1 18
+4 3

fl=(25) /build/glibc-OTsEL5/glibc-2.27/elf/dl-hwcaps.c
fn=(68) _dl_important_hwcaps
42 4
+1 1
-1 8
+1 4
-1 1
+1 1
cfi=(9)
cfn=(26)
calls=1 373 
* 18
* 1
+3 3
-3 1
+12 6
+1 3
+1 1
-2 1
+2 1
-2 5
+1 3
+1 1
-2 1
+2 1
-2 5
+10 3
fi=(26) /build/glibc-OTsEL5/glibc-2.27/elf/../sysdeps/unix/sysv/linux/not-errno.h
-37 4
fe=(25)
131 4
-2 1
+17 6
+3 2
329 9
69 3
+77 1
+20 1
-19 1
+36 10
+1 3
-1 2
+1 3
fi=(27) /build/glibc-OTsEL5/glibc-2.27/elf/../sysdeps/x86/dl-hwcap.h
57 6
fe=(25)
186 1
+1 1
cfi=(13)
cfn=(28)
calls=1 79 
* 16
+1 1
-1 1
+1 3
-5 1
+5 1
-5 1
+5 2
-5 5
+8 3
+2 1
+1 6
+4 1
+4 1
-3 1
-1 1
+4 2
+3 4
+4 3
+1 1
-1 5
+1 3
+2 3
+2 2
-1 1
+1 1
-1 1
+2 2
+7 2
+6 11
+1 4
cfi=(19)
cfn=(46)
calls=1 50 
* 18
* 1
+1 1
-1 1
+1 3
+29 13
+3 4
+7 1
+10 12
-4 2
-3 1
+3 1
cfi=(20)
cfn=(74)
calls=1 116 
* 16
* 2
-3 1
+3 1
cfi=(20)
cfn=(74)
calls=1 116 
* 16
* 6
+3 7
+1 12
+1 4
cfi=(20)
cfn=(74)
calls=1 116 
* 14
-2 1
+2 2
-2 1
+5 6
cfi=(20)
cfn=(74)
calls=2 116 
* 28
+2 2
-2 4
+2 5
-7 3
+12 1
+1 2
-1 9
+1 14
-1 18
+5 10
+4 3
-4 12
+4 33
+1 12
-1 12
+1 24
-2 12
+1 24
-1 39
+4 6
+5 1
-2 1
+2 1
-1 1
-1 2
+2 1
-1 1
+1 4
+2 6
+1 2
+3 2
-6 5
+13 8
+1 1
-1 2
+3 2
-3 3
+1 3
-1 6
+3 6
+3 3
+2 2
-15 2
-6 3
-42 2

fl=(46) /build/glibc-OTsEL5/glibc-2.27/io/../sysdeps/unix/sysv/linux/close.c
fn=(142) close
27 12
+1 3

fl=(78)
fn=(290)
79 11
+5 1
-4 1
+1 1
+3 2
+8 2
+25 2
+1 12
+1 12
-89 12
+9 3
-3 6
+3 9
+5 6
+5 2
+9 6
cob=(3)
cfi=(80) /build/glibc-OTsEL5/glibc-2.27/csu/../csu/init-first.c
cfn=(302) _init
calls=1 -6 
* 207
* 1
+4 2
+6 2
+2 2
-2 1
+3 1
-1 1
+1 5
+1 4
cob=(3)
cfi=(86) /build/glibc-OTsEL5/glibc-2.27/string/../sysdeps/x86/cacheinfo.c
cfn=(316) init_cacheinfo
calls=1 488 
* 1773
* 1
-1 2
+47 3
+7 8
-80 3
-5 3
-10 3
+57 2
-48 1
-3 2
+3 3
+5 3
+5 2
+9 7
cob=(2)
cfi=(18)
cfn=(292) 0x0000000004a2a520
calls=1 -58 
* 6
* 1
+3 1
+1 2
+6 1
+2 2
-2 2
+3 8
+1 4
cob=(4) /usr/lib/valgrind/vgpreload_core-amd64-linux.so
cfi=(79) ???
cfn=(296) 0x0000000000000640
calls=1 -72 
* 17
-1 5

fl=(47)
fn=(144)
27 7
+4 1

fl=(21)
fn=(56)
144 249
+1 249
+2 249
+1 249
+21 249
+1 249
+1 169
+1 169
+1 78
+1 78
+1 78
+1 78
+21 78
+1 78
+1 78
+1 78
+1 78
+1 78
+1 78
+5 6
+1 6
+9 6
+1 6
+1 6
+1 6
+1 6
+1 6
+1 6
+1 6
-7 171
+1 171
+1 171
+1 171
+1 171
+1 171
+1 171
+1 171
+1 112
+1 98
+1 98
+1 98
+2 98
+1 98
+1 98
+1 98
+1 98
+1 98
-5 14
+1 14
+1 14
+1 14
+1 14
+1 14
+10 65
+1 65
+1 65
+2 65
+6 65
+1 65
+1 65
+1 65
+1 65
+5 65
+2 65
+1 65
+1 130
+8 65
+1 65
+3 65
+1 65
+1 65
+1 65
+1 65
+1 65
571 1
+1 1
+1 1
+1 1
+1 1
+2 1
+1 1
+1 1
+1 1
+1 1
+1 1
+1 1
821 1
+1 1
+1 1
+1 1
+1 1
+2 1
+1 1
+1 1
+1 1
+1 1
+1 1
+1 1
+1 1
+4 1
+1 1
+1 1
+6 1
+1 1
+1 2
+4 1
+1 1
+3 1
+1 1
+1 1
+3 1
+1 1
+1 1
+6 1
+1 1
+1 1
+1 1
+1 1
+1 1
+72 2
+1 2
+1 2
+1 2
+1 2
+2 2
+1 2
+1 2
+1 2
+1 2
+1 2
+1 2
+1 1
+4 1
+1 1
+1 1
+6 1
+1 1
+1 2
+4 1
+1 1
+3 1
+1 1
+1 1
+3 1
+1 1
+1 1
+6 1
+1 1
+1 1
+1 1
+1 1
+1 1
+72 66
+1 66
+1 66
+1 66
+1 66
+2 66
+1 66
+1 66
+1 66
+1 66
+1 66
+1 66
+1 2
+4 2
+1 2
+1 2
+6 2
+1 2
+1 4
+4 2
+1 2
+3 2
+1 2
+1 2
+3 2
+1 2
+1 2
+6 2
+1 2
+1 2
+1 2
+1 2
+1 2
+72 5
+1 5
+1 5
+1 5
+1 5
+2 5
+1 5
+1 5
+1 5
+1 5
+1 5
+1 5
+1 1
+4 1
+1 1
+1 1
+6 1
+1 1
+1 2
+4 1
+1 1
+3 1
+1 1
+1 1
+3 1
+1 1
+1 1
+6 1
+1 1
+1 1
+1 1
+1 1
+1 1
+72 1
+1 1
+1 1
+1 1
+1 1
+2 1
+1 1
+1 1
+1 1
+1 1
+1 1
+1 1
1446 1
+1 1
+1 1
+1 1
+1 1
+2 1
+1 1
+1 1
+1 1
+1 1
+1 1
+1 1
+1 1
+4 1
+1 1
+1 1
+6 1
+1 1
+1 2
+4 1
+1 1
+3 1
+1 1
+1 1
+3 1
+1 1
+1 1
+6 1
+1 1
+1 1
+1 1
+1 1
+1 1
+72 16
+1 16
+1 16
+1 16
+1 16
+2 16
+1 16
+1 16
+1 16
+1 16
+1 16
+1 16
+1 15
+4 15
+1 15
+1 15
+6 15
+1 15
+1 30
+4 15
+1 15
+3 15
+1 15
+1 15
+3 15
+1 15
+1 15
+6 15
+1 15
+1 15
+1 15
+1 15
+1 15
+72 1
+1 1
+1 1
+1 1
+1 1
+2 1
+1 1
+1 1
+1 1
+1 1
+1 1
+1 1
+1 1
+4 1
+1 1
+1 1
+6 1
+1 1
+1 2
+4 1
+1 1
+3 1
+1 1
+1 1
+3 1
+1 1
+1 1
+6 1
+1 1
+1 1
+1 1
+1 1
+1 1
+7 1
+1 1
+2 1
+1 1
+2 1
+1 1
+1 1
+3 1
+1 1
+1 1
+6 1
+1 1
+1 1
+1 1
+1 1
+1 1
+41 5
+1 5
+1 5
+1 5
+1 5
+2 5
+1 5
+1 5
+1 5
+1 5
+1 5
+1 5
+1 5
+4 5
+1 5
+1 5
+6 5
+1 5
+1 10
+4 5
+1 5
+3 5
+1 5
+1 5
+3 5
+1 5
+1 5
+6 5
+1 5
+1 5
+1 5
+1 5
+1 5
+72 9
+1 9
+1 9
+1 9
+1 9
+2 9
+1 9
+1 9
+1 9
+1 9
+1 9
+1 9
+1 4
+4 4
+1 4
+1 4
+6 4
+1 4
+1 8
+4 4
+1 4
+3 4
+1 4
+1 4
+3 4
+1 4
+1 4
+6 4
+1 4
+1 4
+1 4
+1 4
+1 4
+72 4
+1 4
+1 4
+1 4
+1 4
+2 4
+1 4
+1 4
+1 4
+1 4
+1 4
+1 4
2200 96
+2 96
+1 96
+1 96
+1 96
-3 81
+1 81
+1 81
+1 81
+1 294
+5 98
+6 98
+1 98
+8 98
+1 98
-16 151
+6 151
+1 151
+8 151
+1 151

fl=(29) /build/glibc-OTsEL5/glibc-2.27/string/../sysdeps/x86_64/multiarch/../strchr.S
fn=(84) index
24 6
+1 6
+1 6
+1 6
+1 6
+1 6
+1 6
+1 6
+1 6
+1 6
+1 6
+1 6
+1 6
+1 6
+1 6
+1 6
+1 6
+1 4
+4 4
+1 4
+1 4
+1 4
+2 4
+4 2
+1 2
+1 2
+1 2
+1 2
+1 2
+1 2
+1 2
+1 2
+1 2
+1 2
+1 2
+1 2
+1 2
+1 2
+1 2
+1 2
+1 2
+1 2
+1 2
+1 2
+1 2
+1 2
+1 2
+52 2
+4 2
+1 2
+1 2
+1 2
+2 2

fl=(24)
fn=(66)
623 1
+13 2
-13 8
+13 3
cfi=(25)
cfn=(68)
calls=1 42 
* 711
+5 1
-5 1
+5 1
cfi=(19)
cfn=(46)
calls=1 50 
* 18
* 1
+1 1
-2 1
+2 2
+8 1
-1 1
+1 4
-1 3
+4 4
cfi=(19)
cfn=(46)
calls=1 50 
* 18
* 1
+2 1
-2 2
+2 1
+7 1
+10 1
-11 1
+12 1
+3 1
+1 1
-5 1
+3 1
+1 1
-1 1
+9 1
-20 1
+17 1
+3 1
-3 17
cfi=(28)
cfn=(76)
calls=4 109 
* 48
+3 27
-12 3
-2 3
+10 3
-7 3
-1 3
+4 3
-1 3
+1 3
+1 3
+3 3
+1 3
-4 3
+4 3
+14 1
-11 1
+6 1
+1 1
+5 2
+2 4
+2 3
+38 5
-19 1
-2 2
+2 2
+21 3
cfi=(13)
cfn=(28)
calls=1 79 
* 16
* 8
cfi=(20)
cfn=(48)
calls=1 129 
* 10
* 1
+5 4
-1 2
+2 56
-1 57
+5 1
cfi=(19)
cfn=(46)
calls=1 50 
* 18
* 1
+1 1
-2 1
+2 1
+6 7
cfn=(78) fillin_rpath
calls=1 389 
* 584
+3 3
+6 1
+4 8
-37 2

fn=(78)
389 7
+2 1
-2 9
+4 3
cfi=(19)
cfn=(80) strsep
calls=1 265 
* 238
* 3
cfi=(19)
cfn=(80)
calls=1 265 
* 6
* 6
+7 2
+2 3
cfn=(82) expand_dynamic_string_token
calls=1 -82 
* 104
+4 1
-4 1
+4 1
+5 2
cfi=(13)
cfn=(28)
calls=1 79 
* 16
+1 2
+7 6
+9 17
+1 8
+57 2
cob=(2)
cfi=(18)
cfn=(88) 0x0000000004000f00
calls=1 0 
* 5
* 1
-39 2
+4 7
-1 1
cfi=(19)
cfn=(46)
calls=1 50 
* 18
* 1
+3 3
+5 1
+1 2
-2 2
+2 1
cfi=(20)
cfn=(74)
calls=1 116 
* 12
+3 1
-2 1
-1 1
+1 1
+2 1
+6 4
+1 17
+1 1
-1 3
+1 1
-1 14
+1 8
-1 1
+1 1
-1 3
+1 1
-1 2
+4 1
-1 1
+1 1
-1 1
+1 1
+8 1
-1 1
+4 3
-37 2
-28 1
+5 4
+66 1
+3 9
-15 2

fn=(82)
320 12
+10 4
-10 2
+10 2
cfi=(29)
cfn=(84)
calls=2 24 
* 70
* 4
+15 2
-11 2
+11 8
-11 2
cfi=(30) /build/glibc-OTsEL5/glibc-2.27/string/strdup.c
cfn=(86) strdup
calls=2 40 
* 150

fn=(118) open_verify.constprop.7
1598 110
+39 10
-39 30
+39 38
+31 40
cfi=(37)
cfn=(120)
calls=10 39 
* 184
+2 10
-2 10
+2 12
+10 2
+1 4
+5 12
cfi=(39)
cfn=(124)
calls=2 27 
* 10
+2 4
+2 2
+2 2
-2 2
+2 2
+6 4
+16 32
+74 4
+5 4
+2 8
+6 4
+11 4
+6 2
+1 2
+1 2
-2 6
+1 6
+21 82
+2 38
+13 6
+3 8
+1 2
+12 12
-3 18
+15 2
+3 1
+1 3
+1 1
-1 1
-1 1
+3 3
+1 3
1650 8
1918 90
1714 2
1871 12
+3 2
-4 2
+4 4
+5 1
+1 2
-55 2

fn=(114)
2080 21
+8 3
-8 6
+8 3
+1 12
+3 42
+5 49
+2 21
cfi=(36)
cfn=(116)
calls=7 282 
* 919
* 14
+4 12
+1 18
+3 2
+1 2
+1 2
-1 2
+1 2
cfi=(21)
cfn=(56)
calls=2 144 
* 74
* 4
2391 27
2125 6
+10 6
-53 2
+89 4
-2 2
+2 2
cfi=(29)
cfn=(84)
calls=2 24 
* 46
* 4
2322 5
cfn=(82)
calls=1 320 
* 154
* 1
-2 1
+3 5
+4 9
cfn=(118)
calls=1 1598 
* 208
+3 2
-3 1
+3 3
+12 3
+46 1
+1 3
-1 1
+1 9
cfn=(126) _dl_map_object_from_fd
calls=1 808 
* 1347
-1 1
+1 3
-1 1
+1 9
cfn=(126)
calls=1 808 
* 1694
* 6
2171 1
+4 2
cfi=(13)
cfn=(28)
calls=1 79 
* 16
* 1
+2 1
-2 1
+2 1
+7 4
+36 12
cfn=(150) open_path
calls=1 1932 
* 1347
+6 2
-6 1
+6 3
601 3
2314 2
+28 4
+2 2
-95 1
-14 1
+14 1
+2 3
+4 2
cfi=(50)
cfn=(154) _dl_load_cache_lookup
calls=1 187 
* 1435
+2 1
-2 1
+2 1
+4 2
+8 3
+23 10
cfn=(118)
calls=1 1598 
* 220
+4 2
-4 1
+4 3
+1 2
-88 7
601 3
2219 2
+1 2
-32 1
+1 2
-1 3
+8 7
-3 3
601 3
+9 3
2208 3

fn=(126)
808 22
+10 2
-10 2
+10 2
-10 6
+10 2
cfi=(31)
cfn=(92)
calls=2 49 
* 16
fi=(40) /build/glibc-OTsEL5/glibc-2.27/elf/../sysdeps/posix/dl-fileid.h
37 6
fe=(24)
818 2
fi=(40)
37 2
cfi=(41)
cfn=(130)
calls=2 -3 
* 20
* 4
+4 2
fe=(24)
834 2
fi=(40)
40 2
+1 2
fe=(24)
834 27
+1 10
fi=(40)
49 13
fe=(24)
1346 18
852 4
+24 8
+10 4
+22 8
+32 4
819 2
943 14
cfi=(17)
cfn=(38)
calls=2 59 
* 758
+1 2
-1 2
+1 2
+11 4
+5 2
-5 2
+1 2
+5 2
-5 2
+1 2
+2 2
-2 2
+2 4
+1 6
+20 2
-2 2
+10 2
-8 12
+8 2
-8 6
+8 2
+97 2
982 2
-6 2
1085 2
981 2
-5 4
1085 6
-96 32
-1 102
+1 95
+6 4
+5 4
+1 8
+11 20
+5 32
+9 12
-1 12
+1 4
+1 8
+2 4
-2 4
+1 4
-1 4
+3 4
+4 4
-7 4
+3 4
-1 4
+5 4
+1 8
+5 4
-1 2
-14 2
+14 2
+1 12
+10 2
-10 4
-1 2
-14 2
+14 2
+1 12
+10 2
-44 2
+1 1
+46 3
+4 1
+1 1
+2 1
-1 1
-1 2
+1 1
+3 3
+1 1
+3 1
-3 1
+7 4
+6 1
cfi=(32)
cfn=(162) _dl_next_tls_modid
calls=1 51 
* 6
* 2
+1 1
+19 4
+1 4
+1 2
-6 4
+1 2
+8 8
956 2
1110 2
956 2
1110 2
+10 6
fi=(43) /build/glibc-OTsEL5/glibc-2.27/elf/./dl-map-segments.h
50 2
+6 2
fe=(24)
1120 8
fi=(43)
56 6
fe=(24)
1120 2
fi=(43)
50 2
fe=(24)
1120 4
fi=(43)
56 4
cfi=(42)
cfn=(132)
calls=2 -12 
* 74
+4 2
-4 2
+4 4
+3 4
+1 2
+2 2
-2 2
-1 2
+3 2
+14 4
fi=(45) /build/glibc-OTsEL5/glibc-2.27/elf/./dl-load.h
+10 8
+1 6
+2 8
fi=(43)
+11 16
+45 4
-59 20
+2 12
+2 16
cfi=(42)
cfn=(132)
calls=2 -50 
* 66
* 4
+16 2
+2 2
-2 2
+1 2
+2 2
-1 2
+1 2
-1 6
+8 4
+3 4
+8 14
cfi=(28)
cfn=(76)
calls=2 -22 
* 249
* 4
+6 4
+4 8
cfi=(42)
cfn=(132)
calls=1 -97 
* 33
+3 2
-71 20
cfi=(44)
cfn=(136)
calls=2 +5 
* 10
* 4
fi=(45)
+21 5
+2 1
-1 3
+1 1
-1 1
+1 2
-1 2
+3 4
fe=(24)
1132 8
+9 4
fi=(3)
42 2
fe=(24)
1141 2
fi=(3)
42 2
+6 2
-2 2
+2 4
+15 2
+5 2
+3 2
-1 2
-3 2
-3 36
+10 8
-26 24
+16 35
+10 35
-26 105
+26 2
-26 6
+2 90
+13 40
+2 8
+16 4
+20 7
+1 8
+1 8
+1 8
+2 8
+5 8
+1 7
+1 8
+6 6
+5 4
+7 4
+1 6
+18 6
+5 1
+2 1
-2 1
+2 1
+2 2
+2 2
+3 6
+10 1
-8 4
+8 1
+5 2
+3 4
fe=(24)
1148 4
+15 6
+19 4
+2 10
+54 6
+1 2
+3 2
cfi=(46)
cfn=(142)
calls=1 27 
* 5
* 2
cfi=(46)
cfn=(142)
calls=1 27 
* 5
* 4
+9 4
+2 6
+2 2
-2 2
+2 2
+16 4
cfi=(6)
cfn=(10)
calls=2 939 
* 46
+4 4
+1 4
+17 4
+1 1
+8 1
-5 3
+5 2
-5 3
+5 1
+10 4
+10 6
cfi=(17)
cfn=(50)
calls=2 31 
* 82
+4 6
fi=(3)
68 8
+3 8
+1 2
+1 8
fe=(24)
369 2

fn=(150)
1932 8
+1 1
+6 1
-6 1
+6 1
+5 11
-7 1
-1 1
+8 7
+3 3
+9 4
+7 3
+1 1
-13 3
+12 1
cfi=(20)
cfn=(74)
calls=1 116 
* 12
* 1
+55 2
-22 6
-32 2
+32 24
-32 16
+3 16
+4 48
cfi=(20)
cfn=(74)
calls=8 116 
* 101
* 32
cfi=(20)
cfn=(74)
calls=8 116 
* 96
+3 16
+3 24
+3 72
cfn=(118)
calls=8 1598 
* 440
* 8
+2 40
+2 16
+89 9
-24 7
+7 1
-2 1
+2 3
+3 3
-13 2
-57 16
+1 64
+6 16
+2 16
-2 16
+2 16
cfi=(49) /build/glibc-OTsEL5/glibc-2.27/io/../sysdeps/unix/sysv/linux/wordsize-64/xstat.c
cfn=(152) _xstat
calls=8 34 
* 101
* 8
+3 8
-3 8
+1 1
+2 1
-2 1
+2 7
-37 2
+37 7
-37 14

fl=(19)
fn=(46)
50 87
+11 42
+3 21
-3 21
+3 42
-3 2
+3 1
-3 1
+3 86
-15 3
+20 4
+1 2
+2 1
+1 8
cfi=(42)
cfn=(132)
calls=1 -29 
* 35
+2 2
+2 3
+2 1
+3 1
-3 2
+4 1
+2 5
-2 21
-1 21
+3 42
-29 1
-1 1
+1 1
+1 2
-2 2

fn=(80)
265 4
+2 2
+1 4
+4 33
+7 84
-2 56
+13 1
+4 2
-7 14
-15 44

fn=(90) free
111 4

fn=(42)
92 8
+8 8
-1 16
-3 8
+4 16
+3 8
cfn=(46)
calls=8 -53 
* 210
* 8

fl=(36)
fn=(116)
282 290
+1 116
cfi=(21)
cfn=(56)
calls=58 144 
* 2288
* 58
+1 58
-1 58
+3 58
+2 116
+6 55
+1 275
-3 59
-4 118
+1 186
cfi=(21)
cfn=(56)
calls=62 144 
* 2511
* 124
+6 3
-11 3
+11 12

fn=(156) _dl_sysdep_read_whole_file
44 2
+3 1
-3 3
+3 1
-3 3
+3 1
cfi=(37)
cfn=(120)
calls=1 -8 
* 16
+1 2
+2 5
cfi=(41)
cfn=(130)
calls=1 -16 
* 10
* 2
+2 1
+3 1
-3 1
+3 1
+13 2
cfi=(46)
cfn=(142)
calls=1 -41 
* 5
+3 7
-14 6
cfi=(42)
cfn=(132)
calls=1 -13 
* 35
* 2

fl=(11)
fn=(62)
45 4
+2 3
+85 5
-45 3
cfi=(23)
cfn=(64)
calls=1 -9 
* 5
* 1
+15 1
-15 1
+20 1
-1 1
+3 12
+4 3
-2 6
+2 10
+2 1
+1 2
-3 4
+7 3
-1 3
+4 3
-2 3
+2 10
+5 2

fl=(44)
fn=(286) munmap
78 4
+1 1

fn=(136)
78 24
+1 6

fl=(139) /build/glibc-OTsEL5/glibc-2.27/elf/dl-fini.c
fn=(566) _dl_fini
30 8
+20 3
-3 6
+3 4
+3 2
cfi=(2)
cfn=(52)
calls=1 784 
* 2
+2 1
+3 2
+2 8
+8 1
-3 1
+8 1
-5 6
+7 8
+2 8
+2 8
+1 4
+1 4
+4 4
-12 12
+14 6
+1 4
+6 3
cfi=(52)
cfn=(164)
calls=1 -66 
* 253
+10 2
cfi=(2)
cfn=(54)
calls=1 790 
* 2
+5 6
+2 1
+2 3
-2 3
+2 9
+3 8
+3 12
+4 4
+11 2
+1 2
-1 2
+2 2
-2 2
+2 2
+1 14
+1 2
cob=(4)
cfi=(79)
cfn=(590) 0x0000000000000600
calls=1 0 
* 95
cob=(5)
cfi=(88)
cfn=(568)
calls=1 0 
* 92
* 2
-1 6
+5 4
+1 6
cob=(2)
cfi=(18)
cfn=(606) 0x0000000004a2a7a8
calls=1 0 
* 3
cob=(2)
cfi=(18)
cfn=(588) 0x0000000000108ef0
calls=1 0 
* 3
+6 24
+16 8
-56 10
+62 6
+6 2
+7 8
-90 7
+26 6

fl=(48)
fn=(148)
60 4
+7 2
-4 6
+1 2
-1 2
+1 2
-1 10
cfi=(24)
cfn=(114)
calls=2 2080 
* 5792
* 2
+5 4

fn=(146)
159 1
-1 1
+1 1
-1 5
+1 1
-1 2
+1 1
-1 2
+1 1
-1 1
+1 1
-8 1
+8 2
-8 1
-6 1
+14 1
-8 1
+24 1
-32 1
+1 1
+1 1
+6 1
+24 2
-28 2
-2 1
+31 1
-33 3
+2 2
-1 1
+1 2
+6 3
+24 1
-24 1
+24 7
+4 1
+19 1
+2 2
-14 1
-1 1
+13 5
+11 1
+4 4
-4 3
+4 12
+12 12
+2 2
+8 2
-8 2
+6 2
-6 2
+6 2
+1 2
+4 2
-3 2
-3 2
+2 2
+4 8
+66 2
-98 2
+98 2
-66 4
+7 10
cfi=(29)
cfn=(84)
calls=2 24 
* 70
* 4
+4 6
-2 2
+2 2
cfi=(34)
cfn=(108)
calls=2 -74 
* 5928
* 2
+1 4
+9 2
+2 4
+5 2
+6 2
+2 2
-8 4
+3 2
+1 2
+1 2
+1 2
+4 10
+4 4
+1 3
-43 204
+1 102
+44 147
434 4
+2 6
+3 4
-1 2
cfi=(19)
cfn=(46)
calls=2 50 
* 36
* 2
+2 2
-2 2
+2 2
+3 2
+1 8
-1 2
+1 2
cfi=(20)
cfn=(48)
calls=2 129 
* 20
+1 10
cfi=(20)
cfn=(48)
calls=2 129 
* 20
+4 2
-1 2
+5 28
+7 6
+4 4
+11 3
-1 1
cfi=(19)
cfn=(46)
calls=1 50 
* 18
* 1
+3 1
-3 1
+3 4
+5 1
+1 1
-1 1
+3 2
-3 4
+9 2
+4 3
-10 3
-3 3
+9 6
+4 9
-10 9
+13 2
+51 2
+2 1
-1 1
+1 2
+35 7
cfi=(20)
cfn=(48)
calls=1 129 
* 10
+4 5
cfi=(52)
cfn=(164)
calls=1 28 
* 232
+3 1
+3 1
-1 1
+2 4
+7 3
+3 2
+3 8
225 8
-19 2
434 5
+27 2
214 25
+2 2
+2 8
+2 26
456 9
-1 4
+1 10
199 3
573 6

fl=(30)
fn=(86)
40 12
+1 3
cfi=(13)
cfn=(28)
calls=3 +38 
* 84
* 3
+1 6
cfi=(19)
cfn=(46)
calls=3 +8 
* 54
* 3
+2 6
+4 3
-1 6
+1 6
-1 6
cfi=(20)
cfn=(48)
calls=3 +82 
* 38

fl=(20)
fn=(74)
116 26
+1 26
+1 26
+13 26
+1 26
+1 4
+1 4
+5 3
+1 3
+1 3
+1 3
+5 3
267 22
+1 22
+1 8
+1 8
+1 3
+1 3
+1 1
+4 1
+22 14
+1 14
+1 14
+1 14
+1 14
+3 5
+1 5
+1 5
+1 5
+1 5
+3 2
+1 2
+1 2
+1 2
+1 2
+10 1
+1 1
+1 1
+1 1
+22 1
+1 1
+1 1
+1 1
+1 1
+1 1
+1 1
+1 1
+2 1

fn=(48)
129 14
+2 14
+1 14
+1 8
+1 8
+5 5
+1 5
+1 5
+1 5
+5 5
267 6
+1 6
+1 1
+1 1
+1 1
+1 1
+1 1
+1 1
+1 1
+2 1
+22 5
+1 5
+1 5
+1 5
+1 5
+24 3
+1 3
+1 3
+1 3
+22 3
+1 3
+1 3
+1 3
+1 3
+1 3
+1 3
+1 3
+2 3

fl=(12)
fn=(22)
31 7
+8 1
-6 2
+7 1

fl=(32)
fn=(280)
437 8
+1 1
-1 1
+1 1
+4 1
+6 2
-6 1
+6 1
+12 1
-15 1
+39 1
-24 1
-16 2
+21 9
+6 15
+3 1
+1 2
+6 3
+3 1
-2 1
+6 1
-6 1
+2 1
+4 1
-4 2
+3 1
-3 1
+1 1
+2 1
+4 2
+1 4
+2 2
+1 2
+12 1
-3 1
+3 2
cfi=(20)
cfn=(74)
calls=1 116 
* 12
* 5
cfi=(28)
cfn=(76)
calls=1 109 
* 33
* 7
-42 2
+52 1
+4 3
+3 8

fn=(178)
332 1
+2 1
-2 2
+13 1
+1 2
cfi=(19)
cfn=(46)
calls=1 50 
* 18
* 1
+1 3
+8 2
-69 1
+69 2
+1 1
+4 297
+19 1
-94 2
+1 2
cfi=(19)
cfn=(42)
calls=1 92 
* 27
* 1
+1 2
+3 1
+6 2
+89 5

fn=(278)
887 4
+9 1
-3 2
+8 7
+41 1
+1 1
+1 4

fn=(162)
51 4
+48 1
+4 1

fn=(94)
113 2
+1 2

fn=(176)
141 1
-6 5
+6 2
+3 2
+36 3
+2 4
-2 1
-2 1
-40 1
-1 1
-1 2
+69 2
+3 2
-3 5
+2 2
+10 1
-37 2
+25 1
-25 2
+5 1
-1 1
+5 2
-4 1
-1 2
+3 2
+2 3
-9 5
+93 1
-53 1
+1 1
+52 1
-1 1
+1 4

fl=(49)
fn=(152)
34 8
-1 8
+1 8
+1 48
+4 1
-4 28

fl=(15)
fn=(34)
29 3
+3 10
+13 68
-13 204
+2 140
+1 36
+5 2
-3 2
+3 2
+2 2
+7 1

fl=(16)
fn=(36)
24 2
+1 2
+1 2
+1 2
+1 2
+1 2
+1 2
+1 2
+3 2
+1 2
+1 1
+1 1
+1 1
+1 1
+1 1
+1 1
+1 1
+2 2
+1 2
+1 1
+1 1
+1 1
+1 1
+1 1
+1 1
+1 1
+2 2
+1 2
+1 2
+1 2
+1 2
+1 2
+1 1
+1 1
+1 1
+2 1
+1 1
+1 1
+1 1
+1 1
+1 1
+29 2
+1 2
+15 2
+1 2

fl=(50)
fn=(154)
187 9
+8 2
+3 3
+45 1
+6 2
+11 1
-2 1
fi=(51) /build/glibc-OTsEL5/glibc-2.27/elf/../sysdeps/x86/dl-procinfo.h
39 1
fe=(50)
258 2
fi=(51)
39 3
+3 3
cfi=(21)
cfn=(56)
calls=1 144 
* 24
* 2
fe=(50)
264 4
cfi=(9)
cfn=(26)
calls=1 373 
* 18
* 1
fi=(26)
28 2
fe=(50)
264 1
fi=(26)
28 2
fe=(50)
266 2
fi=(26)
32 3
fe=(50)
270 2
+15 1
-15 1
+15 156
cfn=(160) _dl_cache_libcmp
calls=10 141 
* 713
* 64
cfn=(160)
calls=1 141 
* 71
* 7
-84 4
cfi=(36)
cfn=(156)
calls=1 44 
* 107
+8 1
-8 1
+8 4
+1 7
+7 1
-3 1
+3 3
+3 1
+1 2
-1 1
+1 1
+1 8
+63 3
+16 2
+4 2
+8 3
cfi=(13)
cfn=(28)
calls=1 79 
* 34
* 2
+1 1
-1 4
+1 2
cfi=(20)
cfn=(48)
calls=1 129 
* 10
+1 2
cfi=(30)
cfn=(86)
calls=1 40 
* 80
+1 8
-19 2
-27 4
+1 3
-1 7
+15 16
fi=(51)
42 3
fe=(50)
297 3

fn=(160)
141 22
+1 24
+2 216
+20 106
+2 192
+4 43
+1 43
-29 86
+32 3
-28 2
+6 1
+2 1
-1 1
-1 2
+1 1
-1 1
+2 3
+2 3
-3 1
+3 1
+2 2
+9 30

fn=(284)
326 4
-1 1
+3 2
cfi=(44)
cfn=(286)
calls=1 78 
* 5
+1 1
+2 2

fl=(8)
fn=(24)
34 2
+4 4
+3 3
+4 1
-4 1
+4 1
-4 1
+3 1
+1 2
+1 4
+1 4
+1 3
+1 2
+7 2
+1 7
+7 3
+4 2
+2 4
+40 2
+4 4
+1 2
+3 1
+7 1
-8 1
+4 1
+2 1
-2 1
+4 2
+3 2
+50 3
74 2
+3 3
+3 1
-3 1
+3 1
+2 3
+2 2
+7 3
-5 3

fl=(53)
fn=(172) _dl_check_map_versions
156 28
+15 12
+2 20
+2 4
+1 4
+2 4
-3 4
+1 4
+2 4
+3 6
-16 2
-8 4
+28 2
-4 2
+4 4
+16 2
37 4
201 2
37 10
+1 5
-1 10
+2 21
cfi=(36)
cfn=(116)
calls=7 282 
* 817
* 14
209 6
+5 2
-71 6
+71 4
-71 6
+79 2
-2 2
-2 4
+4 2
-4 14
+4 2
-2 2
-2 4
+4 2
-4 24
57 6
+8 6
-8 6
+8 6
+6 12
+16 4
+1 8
+2 4
+5 24
+14 36
+12 42
+4 14
-30 28
225 16
+3 12
+5 2
-11 2
111 4
+3 16
cfi=(21)
cfn=(56)
calls=4 +30 
* 196
* 20
237 8
+14 6
+3 8
+3 12
+3 8
+4 2
-7 8
+3 6
+4 30
-7 120
+3 92
+8 9
+89 36
-83 12
cfi=(19)
cfn=(42)
calls=3 92 
* 81
* 3
+1 3
-2 3
+2 3
+13 3
+2 3
-5 3
+3 3
+2 3
-2 3
+2 3
+3 8
+4 6
+18 2
-15 6
+2 6
-2 6
+2 6
+2 4
+1 4
-1 8
+1 4
-1 4
+1 4
+1 4
-2 4
+2 8
+1 12
+3 12
+8 6
+10 9
+3 8
+4 32
+6 32
+1 32
+1 32
-1 96
+1 32
-1 32
+1 32
+1 32
+3 96
+4 32
-14 68
+10 6
-96 2
-86 2
-8 2
+94 3

fn=(170)
362 5
+2 1
-2 3
+4 3
+2 24
cfn=(172)
calls=4 156 
* 2700
-2 4
+2 16
-2 8
+5 7

ob=(4)
fl=(79)
fn=(296)
0 17

fn=(590)
0 8
cob=(2)
cfi=(18)
cfn=(596) 0x0000000004a2a560
calls=1 0 
0 75
0 1
cfn=(600) 0x0000000000000570
calls=1 0 
0 8
0 3

fn=(600)
0 8

ob=(2)
fl=(18)
fn=(574)
0 1
cob=(3)
cfi=(140) /build/glibc-OTsEL5/glibc-2.27/stdlib/cxa_finalize.c
cfn=(576) __cxa_finalize
calls=1 30 
0 74

fn=(588)
0 3

fn=(292)
0 6

fn=(436) 0x0000000004c4d2c0
0 2
cob=(3)
cfi=(94) /build/glibc-OTsEL5/glibc-2.27/malloc/malloc.c
cfn=(438) malloc
calls=2 3028 
0 421

fn=(336)
0 5
cob=(5)
cfi=(88)
cfn=(340)
calls=1 0 
0 67402
0 2

fn=(596)
0 1
cob=(3)
cfi=(140)
cfn=(576)
calls=1 30 
0 74

fn=(606)
0 3

fn=(88)
0 1
cob=(1)
cfi=(19)
cfn=(90)
calls=1 111 
0 4

fn=(534) 0x0000000004c4d2c8
0 3
cob=(3)
cfi=(94)
cfn=(536) free
calls=3 3086 
0 259

ob=(3)
fl=(133) /build/glibc-OTsEL5/glibc-2.27/io/../sysdeps/unix/sysv/linux/close.c
fn=(532) __close_nocancel
37 8
+1 2

fl=(72)
fn=(242)
40 1
-2 1
+2 2
-2 2
+11 1

fl=(127) /build/glibc-OTsEL5/glibc-2.27/stdio-common/_itoa.c
fn=(500) _itoa_word
168 3996
+2 1998
+9 36702
+9 1998

fl=(128)
fn=(506)
32 1998
+4 1998
+7 1998
+1 1998
+1 1998
+1 1998
+1 1987
+1 1987
+1 1977
+1 1977
+1 1967
+1 1967
+1 1959
+1 1959
+1 1949
+1 1949
+1 1939
+1 1939
+5 1929
+1 1929
+1 1921
+1 1921
+1 1911
+1 1911
+1 1901
+1 1901
+1 1891
+1 1891
+1 1881
+1 1881
+1 1873
+1 1873
+5 1863
+1 1863
+12 1853
+1 1853
+1 1853
+1 1853
+1 1853
+1 1853
+1 1853
+1 1853
+4 1853
+1 1853
+6 1853
+1 1853
+2 1699
+1 1699
+1 1699
+1 1699
+12 1699
+1 1699
+1 1699
+1 1699
+4 1699
+35 1699
+1 1699
+1 1699
+1 1699
+1 1699
+1 1699
+5 1699
+1 1699
+2 1547
+1 1547
+1 1547
+1 1547
+1 1547
+5 1547
+1 1547
+2 1393
+1 1393
+1 1393
+1 1393
+1 1393
+5 1393
+1 1393
+2 1241
+1 1241
+1 1241
+1 1241
+1 1241
+5 1241
+1 1241
+2 1087
+1 1087
+1 1087
+1 1087
+1 1087
+5 1087
+1 1087
+2 935
+1 935
+1 935
+1 935
+1 935
+5 935
+1 935
+2 781
+1 781
+1 781
+1 781
+1 781
+1 781
+4 1562
+4 781
+1 781
+1 781
+1 781
+1 781
+1 781
+1 781
+1 781
+1 781
+1 781
+1 781
+1 781
+1 781
+5 781
+1 781
-18 169
+1 169
+1 169
+1 169
+1 169
+1 169
+1 169
+1 169
+1 169
+1 169
+1 169
+1 169
+1 169
+5 169
+1 169
+1 169
+1 169
+1 169
+1 169
+1 169
+6 781
+1 781
+1 781
+1 781
+2 475
+4 475
+1 475
+1 475
+1 475
+1 475
+2 306
+4 306
+1 306
+1 306
+1 306
+1 306
+2 152
+1 152
+4 152
+1 152
+1 152
2089 1853
+1 1853
+2 1853
+1 1853
+1 931
+1 931
+1 809
+1 809
+1 686
+1 686
+1 574
+1 574
+1 458
+1 458
+1 344
+1 344
+1 228
+1 456
+4 114
+1 114
+4 114
+11 114
-16 10
+1 10
+4 10
+11 10
+4 922
+1 922
+1 806
+1 806
+1 692
+1 692
+1 576
+1 576
+1 462
+1 462
+1 346
+1 346
+1 232
+1 348
+4 116
+1 116
+1 116
+1 116
+4 116
+11 116
-18 10
+1 10
+1 10
+1 10
+4 10
+11 10
2288 122
+1 122
+4 122
+11 122
+4 134
+1 134
+4 134
+11 134
+4 122
+1 122
+1 122
+1 122
+4 122
+11 122
+4 126
+1 126
+4 126
+11 126
+4 122
+1 122
+1 122
+1 122
+4 122
+11 122
+4 126
+1 126
+1 126
+1 126
+4 126
+11 126
+4 124
+1 124
+1 124
+1 124
+4 124
+11 124
+4 124
+1 124
+1 124
+1 124
+4 124
+11 124
+4 124
+1 124
+1 124
+1 124
+4 124
+11 124
+4 126
+1 126
+1 126
+1 126
+4 126
+11 126
+4 124
+1 124
+1 124
+1 124
+4 124
+11 124
+4 126
+1 126
+1 126
+1 126
+4 126
+11 126
+4 122
+1 122
+1 122
+1 122
+4 122
+11 122
+4 126
+1 126
+1 126
+1 126
+4 126
+11 126

fl=(114) /build/glibc-OTsEL5/glibc-2.27/libio/genops.c
fn=(462) _IO_doallocbuf
362 2
-1 3
+3 4
+4 4
-3 1
fi=(121) /build/glibc-OTsEL5/glibc-2.27/libio/libioP.h
870 3
+2 2
+1 2
fe=(114)
365 2
cfi=(119) /build/glibc-OTsEL5/glibc-2.27/libio/filedoalloc.c
cfn=(464) _IO_file_doallocate
calls=1 78 
* 293
* 2

fn=(442) _IO_old_init
561 1
-2 1
+1 1
-1 1
+2 2
+16 1
-14 1
+1 1
+13 1
+5 1
-17 1
+1 1
+1 1
+1 1
+14 1
-13 1
+1 1
+1 1
+2 1
+1 1
+1 1
+1 1
+6 1
+1 2
+2 1

fn=(446) _IO_link_in
87 12
+1 6
+4 1
-2 3
+2 2
+1 11
+2 1
-1 1
-1 1
+2 1
-2 1
+2 13
+2 1
-2 1
+5 1
-2 1
-1 1
+3 14
+2 1
-1 1
+1 8
+1 2
+3 14
-14 4

fn=(470) _IO_setb
347 6
+1 10
+3 2
+2 8
-3 2
+3 4
+3 9
-7 1
cob=(2)
cfi=(18)
cfn=(534)
calls=1 0 
* 71
* 5

fn=(524) _IO_un_link
53 12
+1 4
+4 4
+1 10
+2 1
-2 1
+1 1
+1 1
-2 1
+2 1
-2 1
+2 15
+2 1
-2 1
+2 2
+2 2
+9 1
+2 1
-2 1
+2 8
+2 1
-1 1
+1 8
+1 2
+3 14
-6 7
-18 4
+8 3

fn=(542) _IO_default_finish
628 4
+2 1
-2 3
+2 2
+6 3
+3 3
54 2
651 7

fn=(610) _IO_flush_all_lockp
749 11
+5 4
+1 11
+3 1
-8 1
+5 1
+3 1
-3 1
+3 1
fi=(121)
870 2
fe=(114)
762 1
fi=(121)
870 2
fe=(114)
-98 6
-14 3
+16 3
-16 6
+3 3
-1 3
+1 3
+3 22
+14 9
+1 3
+4 12
-29 4

fn=(440) _IO_no_init
590 9
+1 1
cfn=(442)
calls=1 -30 
* 27
+2 1
-1 1
+1 1
+2 1
+1 1
+1 1
+1 1
+1 1
+1 1
+1 1
+1 1
+1 1
+1 1
+1 1
+1 1
+2 1
+6 1
+1 6

fn=(608) _IO_cleanup
918 2
+3 1
-3 8
+3 1
cfn=(610)
calls=1 749 
* 114
-72 1
+72 1
-72 2
+1 11
+3 1
-3 1
+3 1
-3 1
+3 1
fi=(121)
+17 2
fe=(114)
-7 1
fi=(121)
+7 2
fe=(114)
+23 3
-40 9
+2 9
+2 6
+30 1
+10 9
+1 2
+35 12
-84 4

fn=(474) _IO_default_xsputn
392 224
-3 560
fi=(121)
870 112
fe=(114)
389 112
fi=(121)
870 112
fe=(114)
389 560
fi=(121)
870 224
fe=(114)
407 48
+8 112
+2 224
-20 448
+2 336
+3 224
+2 352
cfi=(122) /build/glibc-OTsEL5/glibc-2.27/string/../sysdeps/x86_64/multiarch/memmove-vec-unaligned-erms.S
cfn=(480) __mempcpy_avx_unaligned_erms
calls=88 204 
* 1900
* 88
+1 88
-1 88
+1 176
+17 112
-29 112
+29 784
-15 24
+5 72
-1 48
+1 564
-1 376
+2 96

fn=(528) _IO_unsave_markers
1019 2
+19 3
189 1

fl=(70)
fn=(246)
30 5
fi=(144) /build/glibc-OTsEL5/glibc-2.27/string/../sysdeps/x86_64/multiarch/strpbrk.c
-1 1
fe=(70)

fn=(232)
30 5
fi=(145) /build/glibc-OTsEL5/glibc-2.27/string/../sysdeps/x86_64/multiarch/strcspn.c
-1 1
fe=(70)

fn=(262)
30 5
fi=(146) /build/glibc-OTsEL5/glibc-2.27/string/../sysdeps/x86_64/multiarch/strspn.c
-1 1
fe=(70)

fl=(64)
fn=(214)
32 2
-2 2
+2 4
-2 6
fi=(147) /build/glibc-OTsEL5/glibc-2.27/wcsmbs/../sysdeps/x86_64/multiarch/wmemchr.c
+1 2
fe=(64)

fn=(260)
32 1
-2 1
+2 2
-2 3
fi=(148) /build/glibc-OTsEL5/glibc-2.27/wcsmbs/../sysdeps/x86_64/multiarch/wcslen.c
-1 1
fe=(64)

fn=(228)
32 2
-2 2
+2 4
-2 6
fi=(149) /build/glibc-OTsEL5/glibc-2.27/wcsmbs/../sysdeps/x86_64/multiarch/wcschr.c
+1 2
fe=(64)

fl=(67)
fn=(222)
38 4
+1 3
+9 1

fl=(74)
fn=(248)
40 2
-2 1
+2 2
-2 2
+11 1

fl=(57)
fn=(238)
33 8
+3 8
fi=(150) /build/glibc-OTsEL5/glibc-2.27/string/../sysdeps/x86_64/multiarch/strcpy.c
-7 2
fe=(57)

fn=(266)
33 4
+3 4
fi=(151) /build/glibc-OTsEL5/glibc-2.27/string/../sysdeps/x86_64/multiarch/stpcpy.c
-3 1
fe=(57)

fn=(196)
33 4
+3 4
fi=(152) /build/glibc-OTsEL5/glibc-2.27/string/../sysdeps/x86_64/multiarch/strncpy.c
-7 1
fe=(57)

fn=(264)
33 4
+3 4
fi=(153) /build/glibc-OTsEL5/glibc-2.27/string/../sysdeps/x86_64/multiarch/stpncpy.c
-5 1
fe=(57)

fn=(202)
33 4
+3 4
fi=(154) /build/glibc-OTsEL5/glibc-2.27/string/../sysdeps/x86_64/multiarch/strcat.c
-7 1
fe=(57)

fl=(108) /build/glibc-OTsEL5/glibc-2.27/setjmp/../sysdeps/x86_64/bsd-_setjmp.S
fn=(420) _setjmp
30 1
+2 1
cfi=(109) /build/glibc-OTsEL5/glibc-2.27/setjmp/../sysdeps/x86_64/setjmp.S
cfn=(422) __sigsetjmp
calls=1 -6 
* 27

fl=(140)
fn=(576)
30 4
+3 2
-3 10
+3 2
-3 2
+3 10
+3 6
+4 14
-4 6
+58 10
+4 12
-4 6
+12 4
+1 4
cfi=(141) /build/glibc-OTsEL5/glibc-2.27/nptl/unregister-atfork.c
cfn=(578) __unregister_atfork
calls=2 -79 
* 32
+2 8
+1 16

fl=(109)
fn=(422)
26 1
+9 1
+1 2
+1 1
+4 1
+1 1
+1 1
+1 1
+1 1
+2 2
+2 1
+1 1
+1 1
+2 2
+2 1
+8 1
cfi=(110) /build/glibc-OTsEL5/glibc-2.27/setjmp/sigjmp.c
cfn=(424) __sigjmp_save
calls=1 -34 
* 8

fl=(119)
fn=(464)
78 8
+6 4
fi=(121)
870 3
+2 2
+1 2
fe=(119)
84 3
cfi=(115) /build/glibc-OTsEL5/glibc-2.27/libio/fileops.c
cfn=(466) _IO_file_stat
calls=1 1169 
* 14
* 2
+2 4
+11 4
+4 2
cob=(2)
cfi=(18)
cfn=(436)
calls=1 0 
* 210
* 1
+2 1
-1 2
+2 4
cfi=(114)
cfn=(470)
calls=1 347 
* 18
+1 1
+1 8

fl=(68)
fn=(224)
38 4
+3 4
+6 1

fl=(142) /build/glibc-OTsEL5/glibc-2.27/posix/../sysdeps/unix/sysv/linux/_exit.c
fn=(616) _Exit
27 2
+4 1
+2 2

fl=(122)
fn=(480)
204 5079
+1 5079
+1 5079
+13 5079
+1 5079
+1 895
+1 895
+3 190
+1 190
+1 190
+1 190
+2 190
+1 190
+33 4184
+1 4184
+2 4087
+1 4087
+1 4038
+1 4038
+1 3016
+1 3016
+1 1013
+1 1013
+1 1013
+2 1013
+14 97
+1 97
+1 97
+1 97
+1 97
+4 49
+1 49
+1 49
+1 49
+1 49
+3 1022
+1 1022
+1 1022
+1 1022
+1 1022
+3 2003
+1 2003
+1 2003
+1 2003
+1 2003
+4 705
+1 705
+5 705
+1 705
+1 705
+1 705
+2 356
+1 356
+1 356
+1 356
+1 356
+1 356
+1 356
+1 356
+1 356
+1 356
+1 356
+1 356
+1 356
+1 356
+1 356
+1 356
+1 356
+1 356
+3 349
+1 349
+1 349
+1 349
+1 349
+1 349
+1 349
+1 349
+1 349
+1 349

fl=(84) /build/glibc-OTsEL5/glibc-2.27/string/../sysdeps/x86_64/multiarch/strrchr-avx2.S
fn=(312) __strrchr_avx2
43 1
+1 1
+2 1
+1 1
+3 1
+1 1
+1 1
+33 1
+1 1
+1 1
+1 1
+1 1
+1 1
+1 1
+1 1
+1 1
+1 1
+3 1
+1 1
+9 1
+1 1
+99 1
+1 1
+8 1
+1 1
+1 1
+1 1
+1 1
+2 1
+1 1
+1 1
+1 1
+1 1

fl=(118)
fn=(456)
31 10
+1 2
-1 2
+1 2
-1 2
+4 4
+2 36
+1 11
+1 1
fi=(121)
870 3
+2 2
+1 2
fe=(118)
39 1
fi=(121)
870 3
+2 2
+1 2
fe=(118)
39 8
cfi=(115)
cfn=(458) _IO_file_xsputn@@GLIBC_2.2.5
calls=2 1220 
* 588
* 6
fi=(121)
796 4
+1 8
fe=(118)
38 2
fi=(121)
797 10
fe=(118)
45 4
+1 2
+3 18

fl=(135) /build/glibc-OTsEL5/glibc-2.27/stdlib/cxa_thread_atexit_impl.c
fn=(548) __call_tls_dtors
145 3
+1 4
+18 4

fl=(97) /build/glibc-OTsEL5/glibc-2.27/elf/dl-addr.c
fn=(364) _dl_addr
126 9
+2 1
-2 1
+5 1
-5 1
+5 2
cob=(1)
cfi=(2)
cfn=(52)
calls=1 784 
* 2
+2 2
cob=(1)
cfi=(92)
cfn=(353)
calls=1 -62 
* 1117
* 5
+2 3
30 1
+1 1
-1 1
+1 1
+3 2
+5 1
+6 1
-7 1
+2 3
+2 3
+3 1
+5 7
-6 2
+6 4043
+2 1010
+1 2020
-1 1
+1 2
+2 3664
+9 2052
+7 28
-2 28
+2 2353
-2 2297
+2 6003
-10 11625
+2 9300
+1 14806
+36 2
+1 1
+1 3
+3 2
+36 2
cob=(1)
cfi=(2)
cfn=(54)
calls=1 790 
* 2
+3 9
-27 1
+1 1
+20 2

fl=(103) /build/glibc-OTsEL5/glibc-2.27/gmon/../sysdeps/posix/profil.c
fn=(514) __profil_counter
41 6
+5 3
-5 12
+5 21
+2 6
fi=(130) /build/glibc-OTsEL5/glibc-2.27/gmon/../sysdeps/unix/sysv/linux/x86_64/profil-counter.h
-17 3
fe=(103)

fn=(398) profil
65 20
+9 4
+13 5
+5 2
+16 1
-1 1
+3 1
-7 1
+7 1
-8 1
+1 2
+1 1
+1 8
+2 1
+3 1
cfi=(104) /build/glibc-OTsEL5/glibc-2.27/signal/../nptl/sigaction.c
cfn=(400) sigaction
calls=1 -76 
* 78
* 2
+3 1
+1 1
cfi=(106) /build/glibc-OTsEL5/glibc-2.27/gmon/../sysdeps/unix/sysv/linux/prof-freq.c
cfn=(404) __profile_frequency
calls=1 -87 
* 3
* 2
+2 1
-2 1
+2 1
-2 1
+2 1
-2 2
+1 2
+1 1
cfi=(107) /build/glibc-OTsEL5/glibc-2.27/time/../sysdeps/unix/syscall-template.S
cfn=(406) setitimer
calls=1 -38 
* 5
+1 18
-40 2
+4 4
cfi=(107)
cfn=(406)
calls=1 -3 
* 5
* 2
+3 3
-1 1
+1 1
cfi=(104)
cfn=(400)
calls=1 -50 
* 55
* 1

fl=(100) /build/glibc-OTsEL5/glibc-2.27/misc/sbrk.c
fn=(388) sbrk
32 2
+8 2
-8 6
+8 9
+1 2
cfi=(101) /build/glibc-OTsEL5/glibc-2.27/misc/../sysdeps/unix/sysv/linux/x86_64/brk.c
cfn=(390) brk
calls=1 -10 
* 12
* 3
+3 4
+4 6
+12 5
-4 2
cfi=(101)
cfn=(390)
calls=1 -25 
* 12
* 2
+4 5

fl=(83) /build/glibc-OTsEL5/glibc-2.27/misc/init-misc.c
fn=(308) __init_misc
31 2
-1 3
+1 4
+2 3
cfi=(84)
cfn=(312)
calls=1 +10 
* 33
* 1
+4 5
+1 3
+2 4

fl=(96) /build/glibc-OTsEL5/glibc-2.27/malloc/arena.c
fn=(362) ptmalloc_init.part.0
289 2
+5 1
-5 3
+13 2
+6 1
fi=(94)
1816 2
fe=(96)
308 12
fi=(94)
1816 13
+1 1
-1 3
+1 11
-1 390
+1 30
-1 90
+1 331
fe=(96)
313 1
fi=(94)
1825 1
fe=(96)
313 4
fi=(94)
1817 7
+11 1
-11 4
+9 1
fe=(96)
313 1
fi=(94)
1828 1
fe=(96)
313 1
cob=(1)
cfi=(92)
cfn=(353)
calls=1 71 
* 1027
* 5
+1 4
cob=(1)
cfi=(9)
cfn=(26)
calls=1 +59 
* 18
* 1
+1 4
cob=(1)
cfi=(9)
cfn=(26)
calls=1 +58 
* 19
* 1
+1 4
cob=(1)
cfi=(9)
cfn=(26)
calls=1 +57 
* 18
* 1
+1 4
cob=(1)
cfi=(9)
cfn=(26)
calls=1 +56 
* 18
* 1
+1 4
cob=(1)
cfi=(9)
cfn=(26)
calls=1 +55 
* 19
* 1
+1 4
cob=(1)
cfi=(9)
cfn=(26)
calls=1 +54 
* 18
* 1
+1 4
cob=(1)
cfi=(9)
cfn=(26)
calls=1 +53 
* 18
* 1
+2 4
cob=(1)
cfi=(9)
cfn=(26)
calls=1 +51 
* 18
* 1
+1 4
cob=(1)
cfi=(9)
cfn=(26)
calls=1 +50 
* 18
* 1
+1 4
cob=(1)
cfi=(9)
cfn=(26)
calls=1 +49 
* 18
* 1
+71 2
+1 2
+4 2
-1 1
+1 4
-97 5
cfi=(97)
cfn=(364)
calls=1 126 
* 60426
* 2
+1 4

fl=(91)
fn=(344)
123 2
+9 1
-9 2
+10 1
+13 1
-14 1
+1 1
-10 1
+9 1
+2 1
-1 1
+3 1
-2 1
+9 1
+3 1
-11 1
-1 1
+1 1
+11 1
-11 1
+10 1
+1 2
-11 2
+11 1
+1 2
+6 2
-2 1
+2 2
cob=(1)
cfi=(92)
cfn=(352)
calls=1 -82 
* 67084
* 5
+1 2
+8 1
+7 1
-8 1
+6 1
+3 1
+18 1
-24 1
+6 1
-7 1
+1 1
+6 1
+3 10
-72 3
+6 3
cfi=(103)
cfn=(398)
calls=1 -42 
* 149
+1 1
+83 6
-42 2
+1 1
-4 3

fn=(552) write_gmon
355 1
+4 1
-4 10
+4 1
cfi=(136) /build/glibc-OTsEL5/glibc-2.27/stdlib/getenv.c
cfn=(554) getenv
calls=1 34 
* 470
+1 2
+10 5
cfi=(116) /build/glibc-OTsEL5/glibc-2.27/io/../sysdeps/unix/sysv/linux/open64.c
cfn=(556) __open_nocancel
calls=1 58 
* 27
+2 1
-2 1
+2 1
+23 1
+2 1
+1 2
-3 1
+1 1
+1 1
211 1
398 1
cfi=(129) /build/glibc-OTsEL5/glibc-2.27/io/../sysdeps/unix/sysv/linux/write.c
cfn=(558) __write_nocancel
calls=1 40 
* 5
+5 2
-2 1
+2 1
cfi=(137) /build/glibc-OTsEL5/glibc-2.27/elf/dl-iteratephdr.c
cfn=(560) dl_iterate_phdr
calls=1 34 
* 81
+4 1
198 1
407 1
200 5
+49 4
+14 1
-3 2
+1 1
+3 2
-6 2
+5 31
-3 62
+1 31
+3 62
-6 62
+10 1
-1 1
+2 1
-1 1
+1 1
-1 1
+1 4
+2 452
+5 8
+14 1
-1 1
+1 2
+1 2
-1 1
+2 2
+1 4
+2 1
-2 1
+2 1
-2 2
+2 1
-16 1
-2 2
-8 339
+33 3
+1 1
fi=(138) /build/glibc-OTsEL5/glibc-2.27/gmon/../sysdeps/unix/sysv/linux/not-cancel.h
73 4
fe=(91)
332 1
-21 1
+4 4
+17 1
-7 1
+1 1
-1 1
+1 1
-1 1
+1 1
-1 1
+1 1
+6 1
fi=(138)
64 2
cfi=(133)
cfn=(532)
calls=1 -27 
* 5
fe=(91)
416 11
233 1
-22 2
+22 1
-22 1
+22 1
+2 1
-2 1
fi=(138)
73 1
fe=(91)
211 2
+22 1
-22 3
+24 1
-2 1
+3 1
cfi=(106)
cfn=(404)
calls=1 27 
* 3
+1 1
fi=(138)
73 2
fe=(91)
236 1
+1 4
fi=(138)
73 1
fe=(91)
237 1
fi=(138)
73 1
fe=(91)
238 1
fi=(138)
73 4
fe=(91)

fn=(562) callback
55 1
+11 1
-11 2
+7 2
+1 1
+4 1

fn=(550) _mcleanup
101 2
440 1
113 5
cfi=(103)
cfn=(398)
calls=1 -48 
* 95
+1 1
444 1
cfn=(552)
calls=1 -89 
* 1797
+3 1
+1 1
-1 1
cob=(2)
cfi=(18)
cfn=(534)
calls=1 0 
* 120

fl=(101)
fn=(390)
31 16
+8 2
-6 4
+7 2

fl=(95) /build/glibc-OTsEL5/glibc-2.27/malloc/hooks.c
fn=(360) malloc_hook_ini
29 5
fi=(96)
291 1
fe=(95)
30 1
fi=(96)
291 1
fe=(95)
30 1
fi=(96)
291 1
fi=(94)
3039 7
+3 1
-2 2
+2 3
+13 4
+2 3
cfn=(382) _int_malloc
calls=1 3521 
* 154
+1 1
-1 1
+1 6
-19 4
-56 5
cfn=(380) tcache_init.part.4
calls=1 +3 
* 496
+62 3
fe=(95)
33 6
cfi=(96)
cfn=(362)
calls=1 289 
* 62626
* 1
fi=(94)
3034 2
fe=(95)

fl=(115)
fn=(466)
1169 1
+1 3
cfi=(120) /build/glibc-OTsEL5/glibc-2.27/io/../sysdeps/unix/sysv/linux/wordsize-64/fxstat.c
cfn=(468) _fxstat
calls=1 34 
* 10

fn=(444) _IO_new_file_init_internal
107 2
+4 1
-4 2
+5 1
-1 1
+3 1
cfi=(114)
cfn=(446)
calls=1 -27 
* 86
+1 1
+1 4

fn=(460) _IO_file_overflow@@GLIBC_2.2.5
747 336
+7 112
-8 672
+8 445
+35 224
-32 2
+12 2
+9 4
+8 1
-4 1
+3 2
-2 2
-3 1
+1 2
+5 1
-1 1
+1 3
+4 112
+1 112
+11 336
-12 112
cfn=(472) _IO_do_write@@GLIBC_2.2.5
calls=112 433 
* 11995
-31 2
cfi=(114)
cfn=(462)
calls=1 362 
* 318
+1 6

fn=(472)
433 339
+1 1
-3 1792
+11 224
+7 448
fi=(121)
873 224
fe=(115)
457 448
cfn=(510) _IO_file_write@@GLIBC_2.2.5
calls=112 1196 
* 5043
* 112
+1 560
+6 112
-4 112
+4 112
-4 336
+1 224
+3 224
-2 112
-29 448
+1 896
+29 336

fn=(448) _IO_file_fopen@@GLIBC_2.2.5
214 10
+9 2
+2 6
364 10
234 1
-2 1
+1 1
+15 14
+33 1
-96 1
+1 2
-1 1
+4 1
cfi=(116)
cfn=(450) open
calls=1 36 
* 30
* 1
+1 2
+3 1
-1 1
+1 2
+3 2
-3 1
+3 1
+10 2
cfi=(114)
cfn=(446)
calls=1 87 
* 16
+81 3
cfi=(117) /build/glibc-OTsEL5/glibc-2.27/string/../string/strstr.c
cfn=(452) __GI_strstr
calls=1 53 
* 25
+1 1
-1 1
+1 3

fn=(458)
1220 19988
+7 4997
-7 14991
+6 24985
+7 24985
+17 14991
+1 4991
+3 19964
+4 4991
+2 14973
-1 4991
+1 4991
-2 4991
cfi=(122)
cfn=(480)
calls=4991 204 
* 91110
* 4991
* 4991
+4 9982
+18 9770
+10 44973
-40 6
+16 6
fi=(121)
870 18
+2 12
+1 12
fe=(115)
1266 106
fi=(121)
870 318
+2 212
+1 212
fe=(115)
1266 336
cfn=(460)
calls=112 747 
* 14804
* 224
+6 224
+1 784
+2 224
+11 336
+1 448
cfi=(114)
cfn=(474)
calls=112 392 
* 8176
* 336

fn=(510)
1196 672
+2 672
+5 112
cfi=(129)
cfn=(512) write
calls=112 27 
* 1011
+1 224
+5 112
+1 112
-12 224
+5 560
+10 336
+3 1008

fn=(526) _IO_file_close_it@@GLIBC_2.2.5
129 3
+2 3
+4 1
+3 2
-3 1
-1 2
+6 1
+3 1
-3 1
cfi=(114)
cfn=(528)
calls=1 1019 
* 6
+3 3
fi=(121)
870 3
+2 2
+1 2
fe=(115)
143 2
cfn=(530) _IO_file_close
calls=1 1190 
* 7
* 1
+3 3
+8 5
cfi=(114)
cfn=(470)
calls=1 347 
* 100
+1 2
+3 1
-3 1
+1 3
+2 1
cfi=(114)
cfn=(524)
calls=1 53 
* 15
+5 1
-4 1
+1 1
+1 1
+2 1
+1 5
-28 7
cfn=(472)
calls=1 433 
* 108
* 2

fn=(530)
1190 2
cfi=(133)
cfn=(532)
calls=1 37 
* 5

fn=(540) _IO_file_finish@@GLIBC_2.2.5
169 4
+1 2
+7 1
-1 2
+1 2
-1 1
cfi=(114)
cfn=(542)
calls=1 628 
* 25

fl=(85) /build/glibc-OTsEL5/glibc-2.27/ctype/ctype-info.c
fn=(314) __ctype_init
31 5
+2 1
+2 1
-4 1
+4 1
-4 1
+2 3
+2 2
+1 1

fl=(113)
fn=(434)
88 5
-23 1
+23 2
-23 1
cob=(2)
cfi=(18)
cfn=(436)
calls=1 -65 
* 213
+2 3
+3 1
+2 4
-2 1
+2 3
cfi=(114)
cfn=(440)
calls=1 590 
* 60
+1 1
+1 1
-1 1
+1 1
cfi=(115)
cfn=(444)
calls=1 +33 
* 99
+4 5
cfi=(115)
cfn=(448)
calls=1 214 
* 143
* 2
-41 2
+53 7

fl=(134) /build/glibc-OTsEL5/glibc-2.27/stdlib/exit.c
fn=(546) __run_exit_handlers
40 9
+5 1
-5 1
+5 2
+11 14
+3 2
+2 5
+16 4
+35 12
+2 4
-44 9
+2 2
+1 2
-1 2
+4 8
+1 12
+29 2
-3 2
+5 2
-2 4
+2 4
cob=(1)
cfi=(139)
cfn=(566)
calls=1 -78 
* 719
cfi=(91)
cfn=(550)
calls=1 -7 
* 2025
+1 2
+11 1
+1 1
-1 1
+1 1
+5 4
-73 1
+12 1
+1 4
+63 2
+1 11
cfi=(114)
cfn=(608)
calls=1 918 
* 206
* 3
+2 2
cfi=(142)
cfn=(616)
calls=1 27 
* 5
-86 1
cfi=(135)
cfn=(548)
calls=1 +99 
* 11
* 1

fn=(544) exit
139 1
-1 1
+1 3
cfn=(546)
calls=1 -99 
* 3105

fl=(102) /build/glibc-OTsEL5/glibc-2.27/string/../sysdeps/x86_64/multiarch/memset-vec-unaligned-erms.S
fn=(394) __memset_avx2_unaligned_erms
158 3
+1 1
+1 1
+1 1
+1 1
+8 1
+1 1
cfn=(396) __memset_avx2_erms
calls=1 -34 
* 3125

fn=(396)
137 1
+1 1
+1 1
+1 1
+1 3119
+1 1
+1 1

fl=(106)
fn=(404)
27 4
+1 2

fl=(132)
fn=(522)
34 3
+14 1
-14 1
+14 2
fi=(121)
796 2
+1 3
fe=(132)
57 1
fi=(121)
870 3
+2 2
+1 2
fe=(132)
57 3
cfi=(115)
cfn=(540)
calls=1 169 
* 37
+1 3
+13 2
+3 6
+3 2
cob=(2)
cfi=(18)
cfn=(534)
calls=1 -77 
* 71
+4 5
-32 1
cfi=(114)
cfn=(524)
calls=1 +4 
* 94
+2 19
+1 2
+1 2
cfi=(115)
cfn=(526)
calls=1 +76 
* 299
* 4
fi=(121)
797 6
fe=(132)

fl=(58)
fn=(198)
32 5
fi=(59) /build/glibc-OTsEL5/glibc-2.27/string/../sysdeps/x86_64/multiarch/strcasecmp.c
-1 1
fe=(58)

fn=(234)
32 5
fi=(71) /build/glibc-OTsEL5/glibc-2.27/string/../sysdeps/x86_64/multiarch/strncase.c
-1 1
fe=(58)

fn=(270)
32 5
fi=(76) /build/glibc-OTsEL5/glibc-2.27/string/../sysdeps/x86_64/multiarch/strncase_l.c
-1 1
fe=(58)

fn=(254)
32 5
fi=(75) /build/glibc-OTsEL5/glibc-2.27/string/../sysdeps/x86_64/multiarch/strcasecmp_l.c
-1 1
fe=(58)

fl=(111)
fn=(428)
29 1000
+2 1000
+2 1000
+2 1000
+2 1000
+2 1000
+2 1000
+2 1000
+5 1000
+2 1000
+1 1000
cfi=(112) /build/glibc-OTsEL5/glibc-2.27/gmon/mcount.c
cfn=(430) __mcount_internal
calls=1000 +9 
* 26991
+3 1000
+2 1000
+2 1000
+2 1000
+2 1000
+2 1000
+2 1000
+2 1000
+2 1000

fl=(141)
fn=(578)
28 8
+8 2
-8 6
+11 4
+82 12

fl=(120)
fn=(468)
34 1
-1 1
+1 1
+1 6
+4 1

fl=(125) /build/glibc-OTsEL5/glibc-2.27/stdio-common/vfprintf.c
fn=(494) vfprintf
1244 13986
+31 2997
+8 2997
+4 4995
+11 3996
+11 999
fi=(155) /build/glibc-OTsEL5/glibc-2.27/stdio-common/printf-parse.h
108 1998
fe=(125)
1309 2997
fi=(155)
108 999
cfi=(126) /build/glibc-OTsEL5/glibc-2.27/string/../sysdeps/x86_64/multiarch/strchr-avx2.S
cfn=(498) __strchrnul_avx2
calls=999 -63 
* 17982
* 999
fe=(125)
1324 999
fi=(155)
108 999
fe=(125)
1324 5994
+1 12987
+3 999
fi=(156) /build/glibc-OTsEL5/glibc-2.27/stdio-common/../libio/libioP.h
870 2997
+2 999
-2 999
+2 999
-2 999
+3 1998
fe=(125)
1328 5994
cfi=(115)
cfn=(458)
calls=999 1220 
* 64346
* 1998
1696 4995
+1 2997
+3 11988
1283 1998
+45 1998
+4 2997
+4 7992
-57 999
+34 999
-8 999
-59 1998
1378 29970
-3 1998
-5 1998
-4 1998
-1 1998
-1 1998
-1 1998
-1 1998
-1 1998
-1 1998
+15 1998
-16 1998
-1 1998
-1 1998
+14 1998
-4 1998
+8 1998
-1 3996
1696 5994
-36 1998
+2 3996
+8 1998
fi=(155)
108 7992
cfi=(126)
cfn=(498)
calls=1998 -63 
* 43956
* 1998
fe=(125)
1674 1998
fi=(155)
108 1998
fe=(125)
1674 5994
fi=(156)
872 5994
+1 3996
fe=(125)
1674 13986
cfi=(115)
cfn=(458)
calls=1998 1220 
* 131080
* 13986
+2 1998
-2 1998
+2 4995
-33 24975
-1 11988
cfi=(127)
cfn=(500)
calls=999 168 
* 44694
* 33966
1324 3996
1642 17982
fi=(156)
872 2997
+1 1998
fe=(125)
1642 4995
cfi=(115)
cfn=(458)
calls=999 1220 
* 66348
* 15984
+1 2997
fi=(156)
872 2997
+1 1998
fe=(125)
1643 6993
cfi=(115)
cfn=(458)
calls=999 1220 
* 95078
* 11988
-1 3996
+1 2997
-1 18981
+1 4995
cfi=(123)
cfn=(488)
calls=999 52 
* 36473
* 999
* 999
-1 10989

fl=(86)
fn=(316)
488 7
+14 6
758 2
+2 1
+1 1
+2 1
-3 1
+5 1
-5 1
+4 3
+4 2
+3 2
+2 1
+1 1
+2 1
-3 1
+5 1
-5 1
+4 3
+9 1
+2 8
-2 1
+3 8
500 1
+4 1
-4 1
+4 1
cfn=(318) handle_intel.constprop.1
calls=1 259 
* 469
+2 1
-2 1
+2 1
cfn=(318)
calls=1 259 
* 515
+5 1
-5 1
+5 1
cfn=(318)
calls=1 259 
* 542
+8 1
-8 1
+8 1
+11 1
-20 1
+25 3
+4 2
+8 6
+3 2
+9 6
+14 2
+4 1
+3 1
+1 1
-4 1
+3 1
-3 1
+3 1
+6 8
-39 3
+3 9
+6 6
-6 3
+6 2
+3 20
+5 2
+4 1
+1 1
-1 3
691 4
+1 5
+4 2
+59 2
592 2
+8 1
+2 1
-2 6
+2 4
-2 1
+4 1
+23 2
-25 2
+2 6
+2 6
+3 2
+1 8
+2 4
+3 2
+5 1
+2 2
+1 1
-1 1
+2 1
-2 1
+1 2
+27 2
+1 1
+1 2
+2 1
-1 1
+1 1
-24 3
+4 2
+3 1
+2 4
+1 1
+5 2

fn=(320) intel_check_word.isra.0
132 12
+6 6
-10 18
+10 6
-10 6
+10 6
-10 6
+10 12
-10 6
+10 6
+2 6
-2 6
+2 18
250 12
140 24
+2 15
+2 30
+8 30
+51 24
+22 12
fi=(87) /build/glibc-OTsEL5/glibc-2.27/string/../bits/stdlib-bsearch.h
28 12
-1 24
+4 24
+1 12
fe=(86)
+87 24
fi=(87)
-88 138
+1 69
fe=(86)
+87 138
+3 81
fi=(87)
-93 252
+8 15
-8 36
fe=(86)
134 3
255 36
-91 9
+3 9
-6 13
+3 4
+9 4
+5 14
+1 10
+17 5
-32 15
+3 15
+4 14
+2 28
+2 14
+2 8
+4 3
+2 6
+2 3
+2 3
-2 3
+2 6
-2 3
+3 9
-2 12
+2 6
-24 2
+7 2
+2 4

fn=(318)
259 21
+2 3
-2 9
+5 9
+8 3
+1 3
-3 3
+5 12
+6 6
+5 3
-5 9
+5 3
+2 3
+1 3
-1 3
+5 18
cfn=(320)
calls=3 132 
* 1035
+2 6
+3 21
cfn=(320)
calls=3 132 
* 314
+2 6
+19 33

fl=(73)
fn=(244)
32 4
-2 2
+2 4
-2 4
+5 2
-1 8
fi=(157) /build/glibc-OTsEL5/glibc-2.27/wcsmbs/../sysdeps/x86_64/multiarch/wmemset.c
-3 2
fe=(73)

fl=(124)
fn=(492)
27 9990
+4 999
+1 999
-1 4995
+1 999
cfi=(125)
cfn=(494)
calls=999 1244 
* 952504
+4 4995

fl=(137)
fn=(560)
34 9
+6 1
-6 3
+6 2
cob=(1)
cfi=(2)
cfn=(52)
calls=1 784 
* 2
+9 1
-4 1
+3 1
+1 3
+14 7
+2 3
+1 1
+5 1
-5 1
+1 2
+1 2
+1 2
+1 2
+2 1
+1 1
-1 1
+1 1
+2 4
cfi=(91)
cfn=(562)
calls=1 -20 
* 8
+1 3
+6 2
cob=(1)
cfi=(2)
cfn=(54)
calls=1 790 
* 2
+3 12
-39 2

fl=(99) /build/glibc-OTsEL5/glibc-2.27/malloc/morecore.c
fn=(386) __default_morecore
46 2
+1 2
cfi=(100)
cfn=(388)
calls=2 -15 
* 72
+2 6
+3 4

fl=(89)
fn=(328)
137 8
+4 1
-4 2
+4 2
+98 1
-98 1
+98 1
+1 4
cfi=(90)
cfn=(330)
calls=1 65 
* 65
+22 4
+3 2
+1 5
cob=(5)
cfi=(88)
cfn=(334)
calls=1 0 
* 67454
+4 4
+15 2
+12 2
cfi=(108)
cfn=(420)
calls=1 30 
* 29
+1 2
+5 2
+1 2
+3 2
+3 6
cob=(5)
cfi=(88)
cfn=(426)
calls=1 0 
* 11342550
+34 2
cfi=(134)
cfn=(544)
calls=1 139 
* 3110

fl=(112)
fn=(430)
60 1000
+12 2000
-12 1000
+12 2000
+9 1000
+1 2000
+11 999
+4 999
-4 999
+4 2997
+1 999
+1 1998
+4 2
+1 1
-1 1
+1 1
+65 999
+5 2000
-59 1996
+1 1996
+4 998
+1 998
-13 1
+1 2
+1 1
+1 1
+1 1
+57 2

fl=(126)
fn=(498)
45 2997
+2 2997
+1 2997
+1 2997
+2 2997
+1 2997
+1 2997
+4 999
+1 999
+1 999
+1 999
+1 999
+1 999
+1 999
+11 1998
+1 1998
+1 1998
+1 1998
+1 1998
+1 1998
+1 1998
+2 1998
+1 1998
+1 1998
+2 1998
+1 1998
+2 1998
+7 1998
+1 1998
+87 999
+2 999
+7 999
+1 999

fl=(69)
fn=(226)
42 5
+4 2
-1 4
+12 2
+2 5

fl=(116)
fn=(450)
36 1
+3 1
-3 3
+3 1
-3 1
+3 1
+8 7
+2 5
-7 2
+1 1
-1 3
+5 4

fn=(556)
58 1
+3 1
-3 3
+3 1
-3 1
+3 1
+8 7
+2 5
-7 2
+1 1
-1 4

fl=(117)
fn=(452)
53 7
+10 4
+26 9
-23 5

fl=(94)
fn=(380)
2986 1
-9 1
+9 9
+1 3
cfn=(382)
calls=1 3521 
* 389
+1 1
-1 1
+1 1
+8 4
+7 2
+2 1
+1 2
-1 1
+1 78
+3 2

fn=(384) sysmalloc
2274 8
+20 1
+11 1
-11 1
+11 1
+1 4
fi=(96)
535 1
fe=(94)
2321 2
fi=(96)
535 1
fe=(94)
2321 2
+66 1
+1 3
+10 1
-9 1
+9 3
+6 4
+3 3
2724 2
+1 1
+5 2
+3 2
+5 1
-3 1
+3 1
-2 1
+2 3
+1 1
-1 1
-1 1
+4 1
-3 2
+1 1
+2 1
+6 9
2460 3
+19 2
-11 1
+11 1
-11 1
+21 4
cfi=(99)
cfn=(386)
calls=1 46 
* 61
* 1
+1 1
+3 3
+3 4
+1 2
+46 2
+2 2
+6 1
-6 1
+6 1
-82 1
+10 2
+8 1
-8 1
+8 1
+67 4
+34 2
+6 3
+22 2
+1 5
+2 1
-2 1
+2 1
+1 4
cfi=(99)
cfn=(386)
calls=1 46 
* 25
+12 3
+48 1
+1 1
-2 1
+1 2
+12 1
-12 1
+1 1
+11 1
2544 2
-3 3
+99 2
+1 4

fn=(536)
3086 33
+5 6
+1 6
+6 6
+5 3
-2 3
+2 6
+18 9
+2 9
4149 6
+6 12
+1 6
+4 12
+9 9
-2 6
+3 6
+1 8
+13 2
3125 33
4259 2
+3 1
+1 1
-1 3
+10 1
-4 1
+4 2
+3 2
+5 3
+3 2
+1 2
+1 2
1894 3
4291 2
+7 2
+5 3
+13 1
-1 1
+2 2
+4 1
-2 1
+1 1
+1 1
+2 1
+1 1
+2 1
+1 1
+2 3
+1 1
+30 2
+20 2
2929 6
+3 2
-2 4
+1 2
+1 4
4277 3
-2 2
+32 3

fn=(358) calloc
3379 1
-13 1
+15 1
-15 1
+13 1
-13 2
+10 1
-10 1
+10 1
+5 2
+8 2
+1 2
+3 3
cfi=(95)
cfn=(360)
calls=1 29 
* 63335
+4 1
-3 1
+3 2
-3 1
3513 5
-49 1
cfi=(102)
cfn=(394)
calls=1 158 
* 3134
* 1

fn=(382)
3521 24
+32 4
-32 4
+32 36
+4 24
+24 8
4131 36
3639 10
+62 65
+1 6
+20 4
-1 8
+1 4
-1 4
+1 8
-2 15
+6 9
+66 3
-40 6
3879 3
3731 3
+1 3
+20 6
+40 6
-60 6
-12 1
+6 3
+66 1
-40 2
3879 1
3731 1
+1 1
+20 2
+40 2
-60 2
-90 6
+2 2
-2 2
+2 4
+59 40
-62 26
3904 8
+2 8
+3 2
-3 2
+3 4
+68 8
+1 8
+1 8
+1 8
+1 8
+5 8
3720 2
3893 8
+97 12
+3 12
-3 9
+3 8
-3 4
4090 4
+3 4
-2 8
+2 9
+17 3
1887 3
4103 3
1887 6
4125 3
cfn=(384)
calls=1 2274 
* 237
+1 1
-1 1
+1 1
1887 3
4095 3
+3 6
-3 3
+1 3
+2 9
+2 3
-2 6
-1 3
+1 6
+2 6

fn=(438)
3028 6
+5 4
+1 4
+5 14
+3 2
-2 6
+2 6
+3 4
+10 8
+2 6
cfn=(382)
calls=2 3521 
* 319
+1 2
-1 2
+1 12
-19 8
+8 2
+1 6
+33 10

fl=(60)
fn=(230)
32 2
-2 2
+2 4
-2 6
fi=(158) /build/glibc-OTsEL5/glibc-2.27/string/../sysdeps/x86_64/multiarch/strnlen.c
+1 2
fe=(60)

fn=(252)
32 1
-2 1
+2 2
-2 3
fi=(159) /build/glibc-OTsEL5/glibc-2.27/string/../sysdeps/x86_64/multiarch/memrchr.c
-1 1
fe=(60)

fn=(204)
32 1
-2 1
+2 2
-2 3
fi=(160) /build/glibc-OTsEL5/glibc-2.27/string/../sysdeps/x86_64/multiarch/strrchr.c
-2 1
fe=(60)

fn=(258)
32 1
-2 1
+2 2
-2 3
fi=(161) /build/glibc-OTsEL5/glibc-2.27/string/../sysdeps/x86_64/multiarch/memchr.c
-1 1
fe=(60)

fn=(268)
32 1
-2 1
+2 2
-2 3
fi=(162) /build/glibc-OTsEL5/glibc-2.27/string/../sysdeps/x86_64/multiarch/strchrnul.c
+1 1
fe=(60)

fn=(212)
32 1
-2 1
+2 2
-2 3
fi=(163) /build/glibc-OTsEL5/glibc-2.27/string/../sysdeps/x86_64/multiarch/rawmemchr.c
+1 1
fe=(60)

fn=(250)
32 2
-2 2
+2 4
-2 6
fi=(164) /build/glibc-OTsEL5/glibc-2.27/string/../sysdeps/x86_64/multiarch/strlen.c
-1 2
fe=(60)

fl=(80)
fn=(302)
52 8
+3 3
+14 1
fi=(81) /build/glibc-OTsEL5/glibc-2.27/csu/../sysdeps/generic/dl-hash.h
-25 1
fe=(80)
+23 1
+1 1
fi=(81)
-23 1
fe=(80)
+24 1
fi=(82) /build/glibc-OTsEL5/glibc-2.27/csu/../sysdeps/unix/sysv/linux/x86_64/init-first.c
-33 4
fi=(81)
+7 1
+5 3
+14 4
-17 3
+3 9
+14 12
-17 9
+22 1
fi=(82)
-31 2
+2 2
-2 1
+2 2
cfi=(63) /build/glibc-OTsEL5/glibc-2.27/elf/../sysdeps/unix/sysv/linux/dl-vdso.c
cfn=(210) _dl_vdso_vsym
calls=1 -13 
* 17
+2 1
+4 1
-4 1
+4 1
-4 1
+1 2
+1 1
+2 1
cfi=(63)
cfn=(210)
calls=1 -19 
* 17
fe=(80)
+37 3
fi=(82)
-36 2
+1 1
fe=(80)
+35 1
cfi=(83)
cfn=(308)
calls=1 -50 
* 58
+3 1
cfi=(85)
cfn=(314)
calls=1 -53 
* 16
+5 6
-27 1
-7 1
+7 4

fl=(105) /build/glibc-OTsEL5/glibc-2.27/signal/../sysdeps/unix/sysv/linux/x86_64/sigaction.c
fn=(402) __libc_sigaction
47 10
+4 4
+3 4
-1 2
+1 4
-1 2
+2 2
-1 2
+1 2
+7 2
-7 2
-1 2
+1 2
+2 2
-3 2
+3 2
-3 20
+8 19
+3 6
+3 1
-1 1
+1 2
-1 1
+2 1
-1 2
+1 1
+1 1
-2 2
+2 1
-2 9
+5 10
-11 2

fl=(90)
fn=(330)
65 14
-26 4
+26 2
-26 10
+1 4
cfn=(332) __new_exitfn
calls=2 +44 
* 64
+2 4
+7 4
+3 2
-1 2
+2 2
+1 2
+1 8
+1 2
+11 12

fn=(332)
84 4
-6 4
+1 4
-1 2
+11 10
+2 6
+1 5
-3 1
+10 2
-10 2
+3 2
+10 2
+25 1
+1 1
-1 1
+1 1
-1 1
+7 1
+1 1
+4 4
-5 1
+1 1
+4 4
-19 1
+1 2

fl=(63)
fn=(210)
25 20
+1 8
+4 8
+18 24
-21 4
+20 4

fl=(61)
fn=(206)
43 2
fi=(62) /build/glibc-OTsEL5/glibc-2.27/time/../sysdeps/generic/dl-hash.h
+1 1
+1 1
fe=(61)
-2 4
fi=(62)
+5 3
+14 4
-17 3
+3 9
+14 12
-17 9
+22 1
fe=(61)
-24 6
cfi=(63)
cfn=(210)
calls=1 -18 
* 17
* 5

fl=(65)
fn=(218)
33 5
-1 2
+2 2
+1 3
fi=(66) /build/glibc-OTsEL5/glibc-2.27/string/../sysdeps/x86_64/multiarch/memcmp.c
-6 1
fe=(65)

fl=(104)
fn=(400)
34 6
+6 2
cfi=(105)
cfn=(402)
calls=2 +7 
* 125

fl=(56)
fn=(194)
44 10
+4 4
-1 4
+12 4
+2 10

fn=(216)
44 5
+4 2
-1 2
+12 2
+2 5

fn=(240)
44 5
+4 2
-1 2
+12 2
+2 5

fl=(107)
fn=(406)
78 8
+1 2

fl=(129)
fn=(512)
27 899
+1 112

fn=(558)
40 4
+1 1

fl=(110)
fn=(424)
29 1
-1 2
+1 2
+5 3

fl=(77)
fn=(274)
42 2
fi=(62)
+2 1
+1 1
fe=(77)
-3 3
fi=(62)
+1 1
+5 3
+14 4
-17 3
+3 9
+14 12
-17 9
+22 1
fe=(77)
-25 6
cfi=(63)
cfn=(210)
calls=1 -17 
* 17
* 5

fl=(136)
fn=(554)
34 8
+1 1
cfi=(123)
cfn=(488)
calls=1 +17 
* 15
* 1
* 1
+4 7
+3 3
+49 9
-24 1
+6 1
+2 1
-3 1
+3 281
+9 140

fl=(123)
fn=(488)
52 2998
+1 2998
+1 2998
+3 2998
+1 2998
+1 2998
+3 2998
+1 2998
+1 2998
+8 2998
+4 2547
+1 2547
+1 2547
+9 2547
+51 2547
+1 2547
+1 2547
+1 2547
+2 2165
+1 2165
+1 2165
+1 2165
+2 1706
+1 1706
+1 1706
+1 1706
+2 1247
+1 1247
+1 1247
+1 1247
+2 788
+8 788
+1 788
+1 1576
+10 788
+1 788
+1 788
+1 788
+1 788
+1 788
+1 788
+2 788
+1 788
+1 788
+1 788
-11 328
+1 328
+1 328
+1 328
+1 328
+1 328
+1 328
+2 328
+1 328
+1 328
+1 328
+2 328
+3 328
332 1155
+1 1155
+1 1155
+4 1155
+1 1155
+4 465
+1 465
+1 465
+1 465
+4 465
+1 465
+4 459
+1 459
+1 459
+1 459
+4 459
+1 459
+4 788
+1 788
+1 788
+1 788
+1 466
+1 466
+1 466
+1 466
+1 460
+1 460
+1 460
+1 460
+1 460
+1 460
+1 460
+2 460
+1 460
+1 460
+1 460
+4 460
+1 460
-8 459
+1 459
+1 459
+1 459
+4 459
+1 459

totals: 11548079
